500000004
500000029
875001209
500053204
627219141
196889513
469356943
513150696
237789485
913868952
547037579
735489878
409519089
442077841
823364578
825342239
848191238
386392733
644785651
228666747
634036233
91492442
679157774
209984546
996431569
145929873
35017592
786510615
826813434
888186255
374856892
869084088
456493641
718764207
880901772
442778878
650201701
835912788
494599526
758273205
256465376
822582702
958460791
368995356
616878163
954671824
515098120
744387760
193631738
96900808
