500000004
750000106
750019642
253741805
980258539
146411277
230307061
776152941
890202782
107246406
452934293
823077544
788989326
255378030
206038399
742705926
195944241
194053231
130687998
641068154
915054051
616592409
287157953
395775687
527632670
781460780
511208131
655076976
685909125
507326236
271643712
840186337
952049538
406380451
69109246
365272572
605677227
634705549
92231248
736907038
850749013
864494741
495724059
94253201
915354277
252200882
559801142
17547384
520935309
363536095
834268528
540400380
203786439
392591565
560824209
454993005
247306951
502413428
13002401
854383444
710263937
663594273
648968250
280293440
960815022
191063520
553734965
961359374
498764901
742892197
21200164
364657223
840917724
824669015
394209085
23321664
984229220
111034721
853710730
578279562
677899500
584964600
386359028
680546846
163845559
819580201
776554560
832921618
644826804
866233382
760481245
482584841
364773640
265398331
332061479
506220947
934194697
691995939
353149675
636984328
3631418
832474583
345669551
799963610
226661716
668300302
597289404
292356224
447519350
142236409
463260110
341956333
404771129
16043623
39651815
104155532
980673439
153777223
831869017
433065462
531660745
966923375
822960512
310238654
372573937
493173968
725698336
499578402
940661036
270922293
601954084
304268141
639440508
610970991
505587859
458443536
304137544
696822472
851564274
8182962
497363176
770431105
941148346
723034587
959370985
202784905
331401927
482185839
751906751
447949165
100587058
740804301
52233811
403792750
957259719
291800311
926776634
494189075
397650667
625238677
385705503
268454461
727516945
553642547
264484424
884272983
441750271
305249405
297032001
515341028
675051760
512297047
767935187
244706364
757358394
572924031
263487551
813601007
514995807
304834584
999973462
803673829
389090357
388223542
336252612
159695030
3694191
99740252
530175250
407731788
502089197
510533545
843007837
158749171
515432321
486531188
554788629
445451651
508791694
705790351
