5000 5000 194359
1559 2010 97672
395 4820 -1
770 3588 144602
659 1293 -1
3462 4286 56552
905 1470 -1
3306 4596 -1
1302 3697 113005
900 926 72899
604 4178 -1
749 1048 -1
2266 3709 -1
105 3958 68335
671 4670 -1
1526 3195 -1
2184 2603 101798
636 2951 193822
3512 4729 -1
1330 2603 -1
1210 3588 -1
1897 3390 -1
1124 1745 -1
4055 4080 90232
72 1435 142088
1817 4342 -1
3564 4235 -1
2763 4916 31330
1916 3001 -1
626 4217 97197
800 4450 36893
3798 3849 -1
3299 4650 119048
2263 3672 -1
233 4173 67920
2127 4544 -1
1132 3628 -1
4223 4269 57377
1934 2723 73144
380 1178 2340
3380 4242 121801
2070 4312 40821
1429 4266 147699
214 509 103009
958 2050 -1
2834 3677 -1
1717 1872 -1
341 2675 132879
33 3256 -1
252 2909 -1
910 1098 -1
650 1341 -1
448 3979 -1
1548 1971 94603
2993 3341 -1
1428 2090 -1
77 4430 151703
3840 3956 -1
1873 2482 -1
3800 4088 -1
489 3582 -1
1522 3674 -1
2311 3848 -1
2201 2695 -1
1773 3034 -1
1105 1366 -1
1344 4443 -1
1198 3159 154692
2269 3948 -1
1438 1590 120149
2254 2720 19878
1775 1870 -1
1935 4415 -1
723 3220 -1
3491 4684 -1
1637 1975 -1
208 1464 -1
448 4161 -1
1660 3244 129946
145 1388 -1
472 2477 84409
1856 4707 156756
2278 3168 19360
782 4543 3942
2256 3108 -1
784 4869 67740
644 1717 53598
2404 4926 -1
2191 3084 -1
1817 3204 -1
3430 4604 117479
549 2042 -1
2564 2789 105541
1648 2416 -1
2168 3903 83299
727 2877 -1
1663 4357 -1
793 1844 -1
2494 4771 -1
3207 3577 146633
3585 3803 185755
81 4805 185647
1916 3421 -1
297 4081 -1
621 4606 -1
3174 4967 -1
1829 2990 18093
292 2751 -1
1917 4230 -1
352 2178 -1
1158 3200 -1
2348 4451 84030
1336 3958 123718
1741 2359 -1
4057 4199 -1
508 3015 -1
1316 3142 -1
1153 1419 -1
1157 4725 188746
80 4864 84547
102 1834 -1
525 4023 114968
2287 4081 45046
925 1919 -1
2188 4848 161761
740 1347 -1
336 3933 -1
1597 4319 -1
1920 3556 133960
1648 2508 97605
2512 3081 142133
4051 4184 99790
794 2563 115313
964 3060 36141
1012 3452 189171
623 1911 66624
1059 1675 -1
2607 3075 -1
3371 4872 155874
462 977 -1
4083 4594 -1
1153 4926 39189
734 844 182213
3843 3915 -1
2688 2837 127957
2242 4104 -1
256 4033 102140
4591 4902 93917
381 3353 81516
3430 4925 -1
681 3129 -1
848 4702 -1
4260 4321 -1
153 2715 17724
3226 3453 -1
571 2721 144877
242 3439 -1
1531 3825 62765
1339 1946 79980
4562 4642 -1
729 3638 95072
1535 1822 147911
1150 4879 12632
181 4135 6364
2206 3087 95856
484 3450 -1
2412 3608 67415
748 2186 163212
1962 3082 170676
3609 4438 -1
3075 4640 -1
1393 3636 -1
3930 4486 -1
489 4845 108383
3686 3706 105504
1704 2540 19238
9 179 174808
1675 3407 2002
1804 1883 189819
3817 4447 -1
1657 3970 -1
3342 3680 -1
1646 2752 -1
743 3478 -1
1872 3722 118107
2679 4840 102777
1311 4638 177703
1634 3577 -1
3626 4403 -1
350 2770 -1
755 2972 85169
654 1293 167356
1631 4891 177051
111 4991 -1
1593 4635 34240
2892 4955 -1
2902 3489 -1
4261 4645 -1
639 3459 -1
1856 4876 76850
3877 4015 170985
2630 4682 191702
7 209 -1
460 1644 97079
1543 3620 -1
523 4309 169152
4178 4967 -1
1999 3625 151767
3959 4719 -1
2164 4745 157230
2681 4632 4267
3371 4871 45133
912 3802 138683
100 3484 166958
2065 4029 -1
897 2656 -1
524 2424 -1
938 3065 53045
1299 3972 156178
3529 4250 38736
1485 2111 -1
941 3799 10815
3050 4646 -1
2361 2923 -1
3308 4992 17095
4041 4117 -1
143 240 170380
4525 4559 127382
2435 3183 163039
1052 3819 -1
1724 4143 103779
2066 4482 70165
3715 3870 -1
1463 1799 126194
3986 4634 -1
2747 3892 144676
4180 4994 162351
2059 3688 -1
826 1864 -1
66 3708 110430
926 2710 25888
341 3196 -1
1276 3230 -1
3190 4074 -1
4006 4613 50757
1488 1791 -1
3419 4587 30577
1213 3218 -1
2149 2538 -1
2119 3361 -1
702 2312 -1
179 3330 128091
4034 4918 -1
1828 3641 -1
721 2747 -1
634 1891 191410
633 2450 -1
1300 4618 63400
2735 3362 -1
2858 4571 -1
1184 3147 -1
2291 3278 43872
179 4593 -1
623 3026 57797
180 2308 28364
285 3508 -1
1696 4909 114132
4619 4823 -1
606 4763 134373
1869 3723 -1
159 4806 -1
1954 2368 -1
2782 3331 -1
1490 4408 150318
173 3549 79848
1661 3796 -1
3864 4119 68487
4738 4783 73332
407 3104 -1
781 3681 -1
66 1068 -1
2694 2763 -1
1318 2034 -1
407 3358 -1
859 2612 -1
1388 3222 -1
335 1629 61149
4323 4330 -1
1904 4955 -1
809 3021 30561
3396 4759 82659
1231 1375 12048
326 2168 71604
114 536 177267
955 3436 -1
185 3293 97775
801 4104 -1
1314 2197 155458
309 4284 168258
2311 4486 126558
82 1847 -1
1055 2212 170302
1038 3156 -1
1697 4661 150081
761 3502 -1
1260 4038 82756
192 1148 -1
2149 4210 -1
587 1793 -1
1438 3368 -1
260 4224 37812
1330 2676 -1
2183 4202 -1
1537 3359 8074
2127 4928 14442
1651 2111 62231
2049 4850 -1
1832 2081 97434
2904 3483 167266
1516 4068 -1
1960 2128 20739
2106 4936 -1
1436 3573 2034
3960 4131 135870
1892 4404 -1
116 2752 7096
176 483 10680
571 1207 -1
2548 4337 25395
2195 3929 157891
2447 3934 98972
614 1063 166669
3259 4904 30694
2006 3302 2189
2408 2609 20628
1012 1642 -1
361 435 -1
1981 2033 -1
2076 3025 106343
1613 3296 -1
405 4166 -1
2165 4622 79744
520 2958 -1
2160 2897 -1
3548 4073 -1
1754 2602 100131
1841 4485 157498
769 4423 -1
106 4763 -1
2046 3239 -1
556 1004 -1
734 3911 -1
3506 4195 40616
2354 4844 139140
3308 4169 186299
2735 4308 126966
630 1448 20450
2367 2908 26518
1568 3628 -1
870 1577 -1
3738 4363 43393
4117 4990 56136
1660 3908 76678
1555 2138 -1
3591 4172 53870
566 1256 -1
668 3392 57427
922 1774 17705
1943 4233 90658
482 3500 -1
804 4157 189834
150 463 41795
2765 3589 -1
2729 4450 65119
2366 4465 -1
969 1004 -1
497 3103 -1
884 4494 -1
4048 4440 154176
2487 3935 135992
2172 2506 155329
2335 2347 171714
917 2613 -1
2343 2366 -1
619 2241 -1
119 2665 -1
3204 4693 -1
3407 4089 -1
810 4935 22156
300 3194 138836
1928 2014 -1
442 1956 26513
2706 3336 -1
3442 4813 8193
3339 4165 49415
31 2625 -1
3533 4962 768
1364 2341 -1
4109 4814 190208
2353 2509 -1
660 1496 188176
926 4243 -1
688 1278 103998
4106 4647 -1
1107 1855 100858
3725 3995 -1
3158 3794 161330
2391 4934 115463
612 3686 173566
272 3556 -1
255 2369 -1
3766 4988 -1
2866 4652 -1
1754 1829 159061
191 3462 -1
2655 2875 -1
167 1554 -1
2583 3301 106884
2449 3670 187168
185 2232 -1
2146 3769 -1
2298 3967 -1
1068 4195 31429
632 1666 106106
3423 4392 -1
2878 3105 13845
3163 4623 -1
97 1207 -1
1603 3351 -1
3028 3073 -1
378 717 -1
275 2552 -1
2354 2887 61897
66 3137 -1
2710 2865 -1
2812 3118 57302
4050 4246 37393
941 4063 -1
2967 4930 21198
2713 3783 7323
2446 4019 30669
487 2594 99746
265 2284 -1
1003 3628 -1
2245 3952 -1
1508 2851 -1
495 3393 141995
1517 1831 -1
1553 3272 -1
1735 2805 101559
518 4304 91205
1761 4714 106921
467 2279 5070
2985 3067 89784
3012 3869 112861
571 2614 97513
3121 4668 -1
1201 2001 159583
3337 4132 118881
3885 3960 -1
2787 4592 -1
1181 3461 143790
2025 4983 -1
2384 2983 -1
1492 3861 -1
1558 1976 87419
3232 4601 -1
2550 4162 175019
1310 3241 53302
679 3482 101285
1438 2874 -1
2028 3637 -1
554 3675 -1
212 1321 170067
842 4669 46758
1032 3304 -1
898 1699 146860
238 3265 -1
1822 3159 22434
1563 2570 -1
1947 4173 38445
1824 2069 104679
2462 4486 145613
3685 4043 55043
1571 1710 95758
1536 4671 -1
3936 4388 8888
229 4594 81581
1491 2160 169851
3150 3376 63995
362 4856 -1
3098 4933 -1
22 4590 143339
3566 4772 122405
1938 3858 -1
487 3212 175878
2585 4039 189368
4089 4732 192762
2095 4746 -1
2325 2390 189600
482 3177 -1
1654 1955 130108
3385 4357 77829
2560 2620 -1
960 3680 -1
1613 4345 5046
1071 1101 171204
2624 3202 43649
407 3824 -1
2722 2915 114258
4085 4579 150294
3448 4782 -1
1112 1798 -1
245 4205 -1
2233 2395 30457
371 4777 191171
1171 2578 107521
3374 3937 46865
1194 4990 -1
17 556 194131
2256 3980 4307
3029 4333 -1
485 1995 28422
1546 4510 -1
691 4519 192321
4191 4886 -1
2778 4421 -1
1334 2569 -1
2404 2732 78681
1047 4452 139378
490 2340 -1
2928 3788 -1
599 2467 -1
1568 4886 -1
2163 2469 15562
1779 3275 -1
4302 4817 7687
207 2334 -1
3641 3853 57667
2833 4493 -1
252 1318 130957
2597 4026 22328
624 2715 143329
599 794 28074
1219 4153 -1
1249 1997 125472
113 4323 -1
1878 4097 127394
340 831 -1
765 935 -1
799 4971 -1
1275 1395 68933
1286 2203 -1
3920 4351 137783
243 3620 182145
453 1347 -1
539 1615 -1
3643 4252 38643
2991 4043 27004
1004 4021 -1
1297 3473 38255
1182 3712 -1
637 3593 -1
319 4286 -1
3282 3863 -1
1524 3022 -1
2533 4197 177898
1321 3873 -1
72 799 65815
66 4932 -1
595 2168 41972
375 3548 18174
4356 4699 -1
324 1776 -1
4549 4592 -1
2905 4949 -1
1930 2979 104463
2327 3357 -1
1337 1864 92572
763 1246 150878
3023 4035 12157
3268 3705 143530
169 1788 193814
807 2580 -1
2262 4930 131360
43 775 134912
87 2173 97968
3457 3558 84051
2773 3837 -1
1953 2826 -1
1363 1420 4888
4556 4727 -1
1480 2852 176467
1481 4861 101655
929 4180 -1
1262 3856 32470
1278 4848 158360
732 3509 76426
1776 3224 108141
196 3652 -1
3304 4546 -1
2574 3137 -1
1747 4566 -1
1058 2082 -1
1503 1775 62850
188 3380 -1
4142 4707 -1
617 2559 -1
1246 2111 -1
887 2488 193829
1073 2581 -1
82 4896 79743
1685 3801 111989
646 3648 98661
952 2233 -1
3240 4872 18885
1088 2784 176398
2195 3081 4114
2662 3957 58281
395 3670 124670
960 4817 -1
1314 4966 128536
4553 4735 -1
995 3701 -1
860 3690 -1
1926 4075 10615
1910 4994 -1
896 1674 -1
896 4359 166171
122 3455 187472
2920 3383 124700
421 1186 -1
188 2390 145811
402 1470 -1
3240 4498 130713
2007 4318 -1
806 4011 77293
4390 4774 -1
2583 4721 -1
1792 4857 43670
809 4544 15505
1690 4528 111566
39 622 98192
2811 3175 -1
1802 4857 138604
478 2311 177877
1822 3206 -1
4535 4724 168433
1896 2712 121079
720 812 22184
3072 4613 -1
120 3984 131840
1524 1827 151775
2430 2831 57619
824 2312 -1
258 1366 -1
1748 4125 17920
903 3477 -1
832 1061 79200
158 2654 -1
1592 1640 80299
2768 3906 -1
509 3117 -1
3335 3560 -1
2153 3290 -1
2748 3201 -1
1378 2547 -1
2418 4469 56255
442 4860 45524
1148 2179 63943
2381 3215 61544
113 3567 157874
343 4637 114733
1684 2031 -1
3837 4538 24129
2568 3905 136047
1219 2083 119367
1803 3998 -1
3675 4197 90322
3922 4854 -1
1118 2022 -1
2268 4958 -1
3329 4403 -1
392 4382 21197
222 3784 176383
955 3209 9236
2822 4255 -1
1907 3501 -1
286 1742 -1
1438 4244 -1
510 4561 -1
900 1175 -1
4506 4749 101235
2692 2804 -1
2189 2840 125237
2891 3503 -1
4082 4203 162096
4359 4443 170901
433 4872 46763
1548 2829 25997
597 1897 -1
440 2272 -1
570 1799 145548
1035 2917 160238
1660 4660 -1
2935 4799 -1
2705 4828 -1
874 2812 -1
312 4898 184988
2427 3267 169921
78 1432 50919
2871 4427 11605
3389 4009 -1
3255 4944 -1
1676 3916 -1
4105 4407 -1
1933 4671 -1
2190 3770 -1
118 4575 160980
1148 1533 -1
1078 1254 -1
948 4096 -1
833 4064 130202
2058 3743 -1
1755 2303 -1
1565 3537 -1
127 4731 -1
2265 2935 -1
1001 2455 -1
1275 4949 -1
3846 4600 -1
1808 2329 82012
1639 4100 179818
754 1357 135504
1335 3715 -1
1955 3466 34859
721 1463 181989
2719 3821 -1
449 1922 -1
2896 3799 -1
1659 4083 99381
1305 1457 -1
306 4210 15113
2772 3435 -1
13 3492 116568
244 2415 156529
2661 4962 -1
1318 2260 140745
3765 4348 -1
4063 4393 -1
528 4879 -1
2721 3811 145832
2070 4636 26095
569 3157 89872
857 1455 -1
3317 4995 -1
4249 4496 118706
1106 4043 66273
1636 2962 33663
1647 4463 35981
1375 2949 -1
2468 3987 14769
2687 3884 -1
1852 3197 -1
1665 2779 88840
854 3303 154233
343 2038 -1
1666 4343 158902
3136 4922 -1
855 3107 -1
1260 4031 -1
1718 4800 37908
163 3398 -1
1383 4677 189492
1999 4522 25921
2724 4972 -1
2457 4416 141323
70 2537 151145
3512 4633 12427
3262 4178 67250
1201 2909 -1
1798 4074 -1
129 4798 19403
4292 4800 -1
855 1029 -1
2494 3602 -1
908 1454 62763
1217 2899 172212
1813 4160 91199
582 2164 -1
1601 2875 -1
1990 3441 -1
1247 2028 -1
1654 1668 189425
1339 1813 129424
1709 4898 168184
1862 3558 -1
3135 3780 154005
2570 3819 166768
901 1521 166046
319 4348 4131
1181 3654 63871
4426 4578 123701
3018 3139 -1
1911 3386 -1
2869 4352 7527
1730 2800 -1
3789 4255 -1
445 2837 272
3490 4672 -1
962 2237 -1
103 3199 44731
2714 4315 -1
426 1180 -1
2150 4167 18643
289 1555 146707
1590 2849 -1
265 4627 111148
1340 4341 37488
193 694 -1
631 4430 163370
2693 3400 -1
1915 4021 -1
2851 4085 39602
3712 4366 -1
2477 3312 146379
2789 4424 119795
640 3666 -1
1202 1497 121528
2300 2448 52702
2783 3815 58015
456 656 144252
1541 2137 -1
2066 3252 -1
1980 4790 -1
2615 3666 -1
2409 3352 101600
3748 4481 105879
674 2738 -1
352 3377 10257
2242 4321 -1
1485 2044 -1
2382 3319 38475
2845 4366 174389
1427 3544 60062
495 3548 -1
631 3055 -1
4287 4675 -1
1122 2272 -1
1113 4324 164817
734 3790 -1
1587 3318 136130
1292 1997 -1
460 4838 -1
3296 4454 156751
1626 3521 122658
812 2812 145098
1557 1572 -1
2515 2761 108937
243 3810 67211
1367 1427 46547
1349 4495 172845
533 2669 123230
796 3561 87441
3016 3590 7646
1817 1836 66998
983 4274 -1
2874 4737 147327
2497 2726 -1
939 1216 10816
711 1156 110454
690 3155 113408
2974 4087 110770
74 4894 -1
588 4718 99467
189 2798 -1
3108 3994 -1
3069 3845 152821
3237 3994 80211
591 2498 103756
764 2577 73752
778 3383 15478
1364 3177 113439
3787 3938 30160
923 2846 -1
4077 4944 -1
791 4473 126218
2879 3748 65421
1933 2435 3966
2237 3561 107103
79 453 143218
401 4515 155601
2363 4303 68212
2556 4779 -1
2764 4439 -1
761 3036 -1
1051 1366 -1
433 1903 -1
2172 2333 -1
495 4939 93215
29 4550 73014
1867 3363 67624
71 4608 129246
1788 3699 -1
1191 4632 57106
2215 3627 33879
2790 4104 157261
2713 3016 157606
4120 4829 -1
2934 4747 -1
2093 3461 11058
1045 4415 -1
3709 4519 106338
50 3708 6349
2842 3226 156118
1605 1999 14847
300 521 -1
1198 4316 -1
1064 1564 29343
769 4150 -1
3979 4082 -1
1229 3733 -1
38 4179 -1
263 1565 -1
1470 4752 -1
3545 4636 -1
4529 4740 -1
4469 4777 5966
285 4282 125332
1764 4481 -1
2746 3832 -1
509 555 -1
64 144 -1
258 4330 13514
259 4401 -1
637 2047 -1
2272 2417 107784
3056 3479 -1
1805 4227 -1
3808 4387 69418
962 3010 -1
4284 4302 160569
3285 4992 -1
406 4594 -1
382 2865 -1
270 1862 178793
2903 3112 125360
3654 4761 -1
1785 3217 -1
1804 3794 -1
304 2266 107861
1258 2059 190001
2805 3371 154276
563 4141 56232
844 1618 -1
2601 4754 33234
2537 3108 61129
2042 3926 25046
3692 4294 168038
2170 2601 -1
2858 3374 19691
146 4904 173701
1662 2296 -1
1913 3975 31616
3172 4295 9950
1235 2786 -1
3466 4977 -1
3156 3521 82154
2563 3761 -1
419 3198 92346
1901 4597 179736
321 1439 191412
3228 4456 17046
564 2705 134135
334 1766 -1
2097 2943 -1
1794 2567 -1
3643 4355 131675
1090 4512 -1
2600 4399 -1
2299 3827 170670
3289 3722 -1
2793 4928 40712
1773 2893 -1
928 4192 -1
1265 2128 190401
863 2497 -1
4167 4444 -1
1829 2060 1402
2956 4719 58105
1563 3825 10562
585 2497 -1
1703 3749 103742
270 2371 11535
565 2790 -1
1818 2134 -1
2204 3761 -1
1878 3185 24338
340 436 56724
1269 1432 82436
2458 3630 191844
389 1760 -1
1283 4296 154920
1990 3410 -1
495 1638 -1
2149 2777 131180
714 3172 115694
244 3489 82067
3282 4342 55407
1493 4017 123620
2302 4784 -1
2041 3921 176097
1622 1813 8124
3392 4359 -1
3841 4255 50873
404 503 8927
685 3572 27404
252 2335 -1
2565 3257 -1
2010 3583 -1
1179 2603 40943
1726 3989 671
2097 4250 -1
4682 4946 137715
1013 4189 153095
1004 2584 -1
2040 4905 -1
1054 3357 -1
499 2439 184070
1395 4605 -1
2970 4722 -1
3150 4297 -1
153 3132 88775
4154 4175 -1
31 831 -1
3736 3831 116549
758 4112 154986
3148 4843 -1
589 1021 112037
762 1472 -1
2132 3887 172452
460 4005 133971
2290 2379 181150
531 2229 -1
809 1355 117441
773 1368 -1
2143 4914 -1
1511 3210 191062
1984 4682 -1
562 2678 191526
608 1493 -1
2626 4245 -1
596 4693 22584
1431 2600 149963
3168 4914 -1
3309 4763 -1
3843 3848 162170
2030 4106 -1
3617 4159 109442
3364 4894 35384
483 4225 46130
551 4955 -1
74 4986 131708
2107 2210 70324
691 3267 -1
2767 4091 -1
3348 4629 27642
259 3328 166305
2851 4315 145886
4647 4807 79405
1989 3773 -1
1275 4449 -1
578 3942 32814
4365 4485 68782
2343 4282 11791
1533 4202 191322
1108 1267 65665
3935 4275 -1
1832 3425 141334
1853 2902 182587
179 3782 -1
2954 3412 153404
625 812 107777
1600 2916 -1
1289 3047 73076
2442 3278 14253
2701 4360 183065
1312 4566 -1
1852 3313 -1
1576 4713 -1
1713 4931 134808
1708 4672 151286
1394 2813 106024
1133 4443 128710
2650 4165 31384
636 2230 186660
1296 2744 157380
1296 4134 13110
3328 4291 -1
3884 4779 49707
3457 4705 173366
1141 3448 164536
1384 3774 -1
580 4553 954
1012 1962 166395
2083 2417 55428
1656 3739 -1
1952 4010 -1
1286 3439 -1
720 2484 60853
1165 3789 86163
2510 2913 27167
703 874 87212
1822 3723 157389
473 2166 -1
933 4348 10168
268 807 -1
536 2581 -1
826 4006 -1
414 469 -1
2826 4595 170434
1095 1218 139200
2571 4707 -1
294 3103 -1
303 4920 140321
343 2539 53759
794 2749 -1
2614 4192 159645
677 1316 159251
1172 4811 -1
4418 4874 -1
3163 4098 156176
945 3830 -1
3103 3498 -1
2662 3092 150200
2735 4090 -1
53 2200 85176
1343 2857 -1
3658 4217 -1
573 946 22375
1308 3988 137520
1415 2950 145701
3439 4829 29166
1756 3968 -1
1018 4739 91557
1313 2441 -1
123 4075 -1
265 1239 14300
516 584 -1
171 2439 75630
737 1816 24918
1474 1956 -1
1837 4292 -1
1091 1541 46940
2190 4587 -1
746 4301 -1
3572 4701 -1
3860 4270 -1
748 4138 -1
2672 3875 -1
3972 4307 -1
654 2596 83964
1670 4584 170828
3199 3323 -1
1170 1738 40540
1085 1909 -1
619 3445 -1
3842 4674 -1
1128 1303 123348
3261 3375 -1
1615 4238 -1
659 2805 169015
2018 3834 190875
4297 4664 -1
1565 1764 185222
3356 3653 65366
24 2432 64753
1021 3392 -1
844 4144 180985
1141 4894 -1
273 4615 -1
332 2530 -1
2337 3208 128038
1712 4458 -1
93 4286 152913
72 1813 -1
2109 4466 110471
1760 1898 46947
1771 3137 68742
802 3783 -1
1263 1406 29404
3761 4889 97405
4505 4675 176263
1986 2850 -1
22 3289 -1
2047 2069 4872
313 585 -1
557 3851 -1
249 1450 11241
963 4533 -1
152 403 14312
417 1896 -1
2242 3353 167501
213 513 45145
1449 4191 -1
1495 2883 -1
3174 3912 155096
151 3599 -1
17 2625 179258
974 1739 6729
3252 4958 148551
1481 3860 -1
2337 3039 191905
17 312 -1
2521 3723 -1
1665 3432 -1
3494 4601 173618
424 3263 -1
481 1468 -1
2629 3912 -1
4329 4501 106607
1411 3663 21768
1117 4413 127322
2765 3682 -1
2916 4076 133771
357 4336 105579
3672 4909 166155
1000 4917 9531
62 3032 56979
2979 4319 -1
490 3154 -1
3275 4479 119699
18 4806 181416
1579 3668 -1
786 1126 46160
1313 2257 138700
1229 1471 59807
1055 1503 -1
2189 3397 -1
210 315 -1
3493 4358 4882
269 309 188167
846 872 -1
4320 4460 -1
52 350 -1
4813 4907 -1
195 1158 -1
810 3095 159305
3144 3527 144649
1239 4089 36913
1812 2992 -1
1735 4601 121009
2227 2497 178987
1640 3377 -1
294 371 108033
3439 3470 -1
1146 3629 86378
1663 4194 94414
801 3957 -1
926 2310 -1
651 896 -1
4437 4809 -1
1634 2425 105980
1768 4438 21443
1698 4895 -1
1537 3892 50138
3138 4864 51062
2129 3365 -1
802 2078 134014
1410 3725 -1
3824 4661 154805
915 3565 -1
3697 4012 -1
840 3780 -1
2155 2979 -1
4006 4502 154502
1359 1509 -1
352 1427 1222
751 2851 65196
558 2344 152435
1651 2101 -1
1923 3885 172538
82 3861 184871
2107 4223 -1
3670 3688 -1
1929 4433 -1
377 3685 116691
1141 3691 162273
202 3085 57892
128 4304 -1
1004 4780 85702
156 4316 -1
348 2012 -1
1100 2777 89515
472 669 -1
1538 4784 -1
292 3790 -1
2215 4600 -1
414 4745 -1
3405 4114 -1
1727 2558 -1
1100 2458 -1
2543 4533 -1
747 902 -1
697 3795 25207
2365 4106 -1
4213 4284 -1
1968 4438 104832
2406 4467 161805
1338 1909 -1
151 2804 -1
496 1981 -1
1626 4170 -1
1330 1438 181613
2823 4995 172821
255 3661 -1
1541 3797 -1
1119 2821 174061
1253 1650 -1
126 2307 -1
1239 1325 141754
2168 4900 158155
1241 4131 75723
247 3476 -1
1428 1508 -1
2025 3690 -1
2209 2489 4108
677 2938 -1
4328 4640 -1
2050 3716 -1
2179 4633 170164
3285 3761 -1
1056 1855 21930
1969 2717 -1
3335 3856 64289
3496 3710 -1
2254 2551 146464
637 3448 -1
2787 4241 -1
1110 3247 77215
1373 1693 81780
4398 4582 1076
2108 3325 151151
1938 3679 18452
1290 2032 -1
920 2940 -1
2740 3771 -1
252 2412 -1
149 2494 -1
3629 3983 154364
1770 3539 25272
2012 2317 134139
4335 4758 133874
2471 4389 112574
1853 4136 174435
1358 1907 37849
2251 4075 159647
2244 4436 49171
2367 2884 -1
2436 2449 155303
2120 4826 -1
505 1765 79223
1475 3308 66008
4336 4548 165253
940 1272 116856
3661 4739 72385
3290 3382 -1
650 4707 -1
377 610 159326
146 1147 -1
418 900 100259
555 4103 -1
4815 4952 86974
3280 4548 -1
1303 3718 46965
519 1303 57224
415 4757 123136
32 2439 40720
4053 4278 -1
910 2994 82557
1754 3278 -1
1458 3755 -1
832 4322 157673
482 667 90107
2708 3317 -1
511 1549 106724
2131 2770 -1
1732 1994 -1
637 4917 162990
850 1452 -1
3074 3137 138935
1643 3025 45269
1640 4583 24454
868 2864 -1
2995 3712 45645
2765 4407 186188
4269 4421 -1
858 1858 8653
3808 4929 102409
2199 4237 -1
3146 4074 -1
1000 2340 -1
4 4299 21725
1969 4643 -1
365 1481 -1
1339 3082 156682
414 2628 174006
3835 4395 170409
1110 3615 -1
3331 3690 -1
3875 3882 -1
725 4049 16416
289 4216 -1
1969 4569 -1
1832 2058 77848
1115 2307 128182
355 4350 -1
3192 4371 85316
1211 3676 -1
475 4096 168762
899 4142 -1
3119 3463 63262
1370 2962 21334
893 3733 -1
2940 3315 186571
2878 3933 186294
1822 4842 -1
672 2224 -1
2052 4983 -1
330 349 182355
2987 3600 -1
338 839 -1
319 1366 -1
587 3026 185158
217 3328 122268
1413 4364 40600
2993 4493 184131
1667 4067 32849
1287 3078 186611
1035 4948 60238
2132 3998 -1
3382 3731 185616
1878 4976 -1
567 2502 -1
16 1658 -1
1999 3648 149793
346 3012 169993
471 2439 -1
276 2243 -1
522 4093 122628
2784 3195 -1
2061 3648 -1
3135 3780 -1
699 937 -1
2703 3807 122386
3210 3468 57904
2136 4982 -1
3007 3373 -1
1295 3436 111920
1035 3547 176622
515 1189 81948
61 2641 46163
468 2146 192327
2572 3581 182216
550 4878 -1
2413 3082 166207
1236 2136 157884
923 2086 151900
3533 4682 -1
566 3098 -1
3523 4252 154739
560 1613 67689
1485 2382 134503
4563 4566 39938
3219 4336 113477
3687 4066 -1
1454 3470 3071
957 1191 -1
2162 4152 76634
2862 4257 82666
3858 4581 114223
2582 2981 172733
3882 4677 10949
754 3538 150721
4520 4524 -1
2937 3179 -1
434 4131 101712
3339 4955 -1
3272 4059 -1
2845 3196 40331
1764 4722 -1
2310 3120 -1
1184 4931 111506
495 3276 -1
1607 4597 -1
84 2198 160341
4187 4463 190740
1474 4669 131706
2393 4203 -1
1166 1850 -1
924 1156 -1
3539 4127 123939
1973 2385 -1
1360 2571 -1
398 2221 -1
735 1202 28994
1441 4447 -1
3991 4944 -1
1737 2662 -1
123 4177 23477
3328 4129 166380
1144 3202 91803
221 3315 170249
682 1104 173087
3671 4786 -1
1183 3931 -1
2561 4136 123844
2161 4734 15811
295 1604 -1
2000 2323 -1
3136 3436 26498
722 1875 -1
22 3707 -1
1801 4483 -1
2982 3898 -1
1457 4416 177357
746 3988 63709
808 4914 -1
1591 2717 129520
1103 2722 -1
121 1731 147234
2072 3251 110679
97 2746 153020
1366 3008 -1
909 4939 -1
662 2516 -1
2170 2781 185673
750 1462 -1
1719 4663 156383
1022 2054 157053
2438 3411 -1
3470 3509 -1
2638 4456 -1
3470 4139 113758
968 3943 106389
421 2761 78444
261 1607 -1
2702 3530 65331
2647 3707 92380
240 1282 -1
325 3192 -1
2520 2526 -1
1854 3391 113285
77 1156 -1
3211 4696 -1
342 3759 26457
3579 3598 -1
3042 4327 -1
2496 4966 -1
112 1416 -1
3480 4999 -1
2431 3228 28663
601 1165 -1
489 1592 -1
1890 3374 -1
2984 4859 -1
1521 4326 44097
2653 3516 106424
1607 4757 97396
222 3257 126447
240 3483 -1
2849 4780 39867
800 4931 122508
1963 3548 -1
2509 3070 9718
23 4812 22736
2996 3592 -1
4359 4430 -1
349 3816 51148
227 3606 127977
25 4879 20163
3418 4233 -1
851 3381 53669
3288 3618 -1
1644 2715 7320
509 1045 115025
3111 4398 52572
3192 4779 -1
814 4192 162694
1285 3447 -1
4023 4690 14234
1631 4102 -1
1234 2019 -1
1950 3954 95451
2886 3072 178009
3321 3844 -1
2621 4887 -1
2956 3014 -1
350 4920 -1
408 2654 99535
2897 3236 152395
2413 4222 157651
20 977 151402
406 2280 185579
2094 2699 -1
49 1401 -1
1949 2192 -1
1991 4878 -1
1718 2149 17420
105 3863 48108
1031 3742 117998
492 1474 -1
4301 4925 56128
2874 3989 194186
543 1439 191378
4514 4856 -1
762 3088 -1
756 1302 -1
147 3917 3304
2391 3747 71796
4676 4978 -1
2671 3018 -1
171 3935 -1
1494 3406 184562
2799 4398 -1
2848 4825 112044
1627 3666 121062
2921 4226 -1
265 2118 125708
3020 3503 -1
312 4338 171616
1446 4191 -1
321 1326 43291
4276 4317 37980
1391 2477 118153
924 1376 75709
1741 4269 6612
2683 2687 -1
3052 3659 -1
236 2414 -1
583 3191 194188
15 1278 -1
1796 4163 178063
2356 4216 -1
1916 3149 2109
1128 1824 -1
1082 1722 23554
1025 3156 -1
1037 4346 -1
810 2128 -1
2639 2684 59090
238 626 187988
3250 4303 51120
3312 4062 -1
2007 3570 -1
1921 2435 -1
2011 4011 46850
1333 4480 30892
3982 4131 -1
1210 4360 -1
686 3970 64179
1018 3828 -1
2874 4728 -1
371 2635 -1
84 2331 167710
1676 2976 130660
1310 4819 -1
34 1308 62726
1575 3657 85724
2244 3684 -1
2062 4506 -1
1557 1668 56078
2568 3534 19604
211 1828 81919
340 1432 122798
530 3272 108707
2195 4549 -1
3516 4331 159456
1112 1455 -1
1357 2262 16805
2024 2514 13221
1067 3371 -1
3058 4145 -1
2391 3436 -1
3662 3817 150504
67 3396 49876
2949 3127 -1
1432 4714 69910
3290 4396 4497
1891 3886 -1
2461 3757 141811
4433 4985 102721
908 2882 113848
3823 4272 49371
3561 3707 154265
4319 4438 -1
901 3517 -1
1988 2331 -1
2305 3248 -1
3022 3937 25985
1451 3034 152571
912 1017 170171
1163 1168 71851
2660 4007 133147
317 2125 24309
1885 3747 27024
700 1192 82151
4127 4881 54591
309 3767 84084
1593 3023 94636
688 1907 -1
247 4827 -1
2846 3104 -1
2832 4913 4204
2659 2816 35243
819 3663 -1
2066 4684 75860
1689 3215 -1
778 3981 10365
447 4822 175883
1226 4473 167846
700 1598 -1
399 3590 5022
891 3665 -1
842 4385 -1
863 1651 -1
461 841 167121
3061 3077 -1
2442 3270 -1
2717 4958 65894
3845 4770 -1
4543 4757 48974
3291 3534 -1
2695 4118 -1
297 2705 -1
1365 1858 137243
353 3003 -1
1161 3446 -1
2581 4923 31067
1685 2612 65442
1680 3485 2648
2997 4943 -1
298 2948 87264
1006 1367 12640
725 3856 2554
330 3506 -1
1570 2954 -1
1279 3906 -1
1117 1320 129304
3556 4812 -1
1230 4259 116236
166 1412 -1
505 3649 109922
1306 3726 -1
3392 4516 -1
1456 2820 28261
4530 4595 60216
1557 2219 91243
393 4057 27648
1076 3528 -1
1124 2965 194347
4084 4105 -1
1244 4357 18645
377 3263 -1
156 1923 -1
717 3559 -1
376 4725 150949
1981 4462 -1
2179 3601 -1
1226 1684 -1
234 4718 86229
2647 3166 -1
1027 3591 123939
2536 3477 -1
1558 1737 166808
3156 3531 87585
2211 3694 -1
772 4784 76479
3017 4525 66765
1925 4066 -1
3306 3816 -1
1939 4152 81314
347 2369 -1
1682 4954 77893
1220 2395 -1
1327 4602 -1
3254 3313 158727
1987 2720 77271
2421 3124 34447
2176 4503 18196
2410 4907 81313
1770 1950 -1
499 3658 -1
51 1421 -1
2193 4996 -1
2267 3136 -1
1893 3551 -1
380 2265 -1
1203 2462 967
2315 4102 -1
490 1329 -1
3584 4255 -1
1521 4629 -1
2060 2899 -1
1528 2003 5643
2282 3327 92947
1918 2649 -1
1457 2268 -1
1071 4991 185588
320 2207 -1
498 2603 180599
3688 3828 58764
227 2333 31166
667 3960 22707
266 2251 -1
2535 2591 -1
163 3158 189045
1030 4662 -1
454 782 11770
1300 4167 145362
1045 4110 -1
3485 3866 19156
85 4585 145883
1969 1979 58533
2551 2661 -1
133 4979 -1
1635 4603 -1
529 2280 101597
738 3302 -1
27 4974 -1
1733 2016 -1
448 3842 116004
1468 2716 166975
1018 3381 -1
184 535 -1
1013 2206 -1
1568 3147 -1
305 1306 -1
493 2880 126588
1727 3915 33691
429 1536 -1
228 3235 -1
4210 4857 -1
131 2060 -1
2262 3180 86709
731 3375 -1
2799 4062 -1
2341 2439 -1
1229 2149 -1
1258 4679 31769
1995 2454 -1
1120 3854 -1
137 3339 125465
3582 3793 118831
2576 2595 184023
2968 4853 -1
2184 4574 145902
1106 3003 -1
2933 3901 -1
4013 4152 13852
439 1291 122989
4129 4958 143501
674 3219 -1
1332 1859 -1
3962 4769 -1
681 2120 40844
166 3179 -1
2609 3499 -1
352 3845 -1
2255 2353 -1
1540 4406 60265
1779 2960 -1
1240 3291 -1
1036 3104 -1
1008 1156 -1
676 1909 -1
1334 2010 -1
2224 3122 -1
353 1240 -1
318 4018 79254
341 608 75023
2616 3359 50782
673 2390 -1
2002 4526 -1
1886 1893 -1
815 4679 -1
563 1309 187119
721 4846 186683
2337 3381 77928
994 1656 -1
2512 2687 67015
60 1024 168018
3515 3965 26749
1787 2025 -1
2739 3270 92333
1873 3551 -1
1025 1855 -1
41 2076 66524
1898 4724 -1
463 4924 -1
1346 4882 146949
1665 2917 23611
3469 4653 113946
1596 3032 -1
198 888 144026
2401 4809 54045
3534 3697 106799
2420 4838 -1
2778 4035 139796
1577 3826 164918
1552 3023 -1
1482 3622 174216
296 4438 165512
450 1190 -1
1314 3315 132736
2007 4911 23343
818 3175 161109
595 3777 -1
817 2915 -1
1994 4609 -1
448 1353 -1
1110 2965 -1
2193 4237 150474
192 4731 -1
928 2771 10701
354 1077 54645
447 3538 19997
270 4509 63645
984 3575 27695
479 3089 -1
974 4851 27631
713 1184 -1
371 626 55460
42 487 91840
1763 3078 -1
957 3058 146706
312 2755 136384
59 4076 13015
3013 3282 9888
351 786 77727
357 3473 96941
1022 2439 -1
749 2632 99417
326 1257 -1
2245 3325 -1
4917 4962 -1
2824 3379 188371
4057 4319 -1
2156 2226 -1
201 3635 -1
3727 4456 -1
2239 3634 2725
1127 3451 36036
1466 2517 -1
3802 3917 48920
1453 3505 89190
854 3284 -1
870 3455 104608
2475 3354 178635
774 1149 180635
359 2207 -1
1322 2952 103439
3760 4265 -1
1424 3335 -1
440 4853 80307
1287 3031 112307
416 3159 102909
1532 3475 189193
1638 2413 -1
436 4749 -1
340 3660 6722
3404 4845 28637
1880 2045 2172
1727 4410 41621
962 2809 -1
4017 4361 -1
1478 3296 70208
772 1026 -1
2515 3244 121759
2071 4877 114679
1556 2177 139222
1808 1976 4039
1199 4473 -1
2816 4794 -1
4 2841 -1
805 1361 -1
1721 2378 188383
2459 3119 -1
1452 4451 53184
195 871 -1
725 2230 125228
278 2296 67618
4391 4691 180169
837 1005 173051
3682 4130 158035
200 4819 -1
1262 4597 68448
569 4868 -1
355 3199 -1
3323 3580 180997
2203 4663 178808
653 2006 -1
79 1071 143786
2051 3964 -1
401 2641 50518
1295 3415 -1
3675 3848 -1
3669 4271 1663
1371 2241 -1
1190 3660 -1
85 3911 -1
1374 3865 183406
109 1768 -1
4301 4850 -1
749 4830 -1
3283 3477 41128
1498 2137 63064
2794 2847 -1
147 1559 166547
794 3261 -1
1166 3894 -1
599 3561 9441
2151 4157 113597
3107 3439 61954
2151 2736 -1
2804 3802 -1
1190 3996 23128
169 2165 25296
3055 3144 -1
330 989 -1
587 4654 49930
484 1264 -1
254 1854 173372
2159 2673 -1
421 718 -1
1179 2505 -1
109 972 -1
1630 2380 49270
1148 3512 -1
618 780 19059
2068 4614 133170
213 3521 -1
27 1941 163958
340 2873 17665
4055 4617 141501
3757 4159 -1
2087 4345 183811
1016 1862 120430
2349 2673 -1
2907 3197 -1
166 3198 56006
4447 4453 132849
1590 3824 -1
694 2677 -1
3701 4968 -1
2490 4182 -1
3616 3631 -1
2336 4502 -1
3262 4998 144015
1742 2436 -1
1457 1816 166214
108 123 163460
3798 4348 -1
814 4618 54336
1809 1904 9285
50 1934 -1
2714 3592 44108
1162 4994 124458
820 4266 -1
939 2781 -1
4545 4765 193220
449 2431 -1
1079 4185 -1
1545 3153 -1
918 1543 -1
3010 3280 -1
558 4098 -1
2949 4132 -1
149 4590 93739
1036 1086 109487
3260 4182 -1
1315 2908 -1
795 3810 -1
3538 3744 -1
3661 4064 156876
1216 3143 -1
956 2953 33663
2802 4711 -1
2759 3463 -1
612 1220 156668
4593 4984 -1
1171 3962 -1
1316 2913 -1
2941 3144 -1
184 881 -1
811 2629 177601
177 1767 -1
3950 4905 -1
1198 1709 187210
4019 4633 -1
3187 4556 35862
532 2331 -1
3116 4709 70555
735 2108 80944
3067 4859 53649
299 4106 -1
1049 3300 -1
518 4502 -1
874 1627 -1
852 4301 -1
1865 4285 -1
249 4358 46000
803 1110 60340
2274 4640 -1
108 4479 -1
930 1811 155824
1964 4258 -1
3590 4507 -1
183 1020 42100
6 830 163571
4086 4465 -1
309 2940 46439
2500 3539 -1
619 1963 184844
3657 4890 179569
2800 4308 107146
153 4709 85314
140 3106 -1
2579 2997 76729
3207 4168 79307
1355 2362 -1
1776 3175 31622
2648 3387 -1
1136 2339 186762
2483 3103 -1
10 2962 36377
2421 4459 -1
1635 1727 163579
1397 3542 55932
2100 2177 -1
2769 3091 -1
2760 4465 153540
1822 2742 -1
116 4034 122563
998 2903 -1
3084 4965 21375
1910 4526 131015
1263 2192 44542
1712 1893 151240
3164 4371 161613
202 2398 179673
2889 4274 100314
1870 4122 1325
1210 2442 31674
1533 4946 -1
1004 2556 -1
1810 3407 106878
3328 4794 -1
4738 4748 -1
2666 4845 -1
2191 3831 105115
531 4043 -1
3931 4086 -1
3947 4508 181509
1248 3683 -1
1411 4190 150462
2053 4938 -1
2278 4512 31235
1377 3983 83219
990 1904 145095
1291 4204 -1
508 3383 169243
1565 3167 49369
379 4137 -1
2767 4881 94510
2681 4533 -1
2212 3985 -1
1244 3489 119869
21 365 -1
2415 4107 -1
2306 4149 78517
2994 4617 -1
2982 4892 -1
194 2596 132949
580 592 74324
1989 3349 150338
426 716 100952
644 4743 108813
787 4741 -1
941 1572 -1
485 4179 -1
687 1671 125179
1414 2726 -1
1989 4500 144508
1409 4833 -1
1377 3265 179388
345 3914 134588
2336 4552 45911
804 3537 -1
2018 4534 144661
2465 2830 -1
626 1721 76101
356 2629 -1
56 4390 -1
3031 3518 35961
3883 4948 -1
402 1721 -1
500 570 103958
2158 2703 44950
1362 4544 129650
1338 1449 -1
3591 3768 -1
3100 4402 160926
198 4138 9643
921 3347 9124
1633 4013 24009
630 4945 -1
1520 3343 75748
1971 3840 -1
30 1237 -1
869 2565 -1
1444 1671 190778
414 2638 -1
2266 2892 140267
109 2897 -1
55 3344 -1
2254 4051 36246
3429 3976 4070
1956 3735 -1
418 2797 -1
640 2868 80449
1881 2261 -1
433 4872 -1
1743 4836 -1
1968 4016 138144
1776 3570 -1
3157 3612 -1
1340 4849 184134
2901 4016 -1
816 4459 170807
735 1223 -1
2435 4019 155154
575 3158 62291
1395 1590 39639
901 1459 -1
2779 4677 -1
1600 3197 14031
685 858 463
223 947 89666
398 1472 123758
4142 4810 19448
1523 3734 179479
1231 2861 -1
589 639 -1
2112 4199 -1
1719 4219 -1
2818 2887 -1
2670 2865 -1
1528 3869 165569
3085 4438 -1
695 3247 -1
919 960 -1
2613 3551 41697
276 3434 -1
3489 3613 -1
1395 1518 -1
303 902 92563
276 2339 119597
1136 2455 -1
4273 4515 83954
120 1772 -1
2651 4140 70893
3123 4635 -1
577 3186 -1
1545 3199 -1
396 1067 151089
1047 1125 -1
3029 3032 36195
501 2867 107471
1278 1445 182352
2173 2519 -1
188 3690 42412
483 2824 8756
2732 3680 137437
317 4297 -1
2627 4994 -1
3070 3509 161635
44 2905 -1
253 2287 -1
1417 4526 -1
732 4293 16587
1267 3508 -1
1614 3020 7385
89 3411 -1
18 2039 -1
471 2540 104501
2081 4116 89109
2112 3070 92302
608 4898 87610
4642 4731 -1
3765 4477 11996
718 1880 85472
1460 2721 -1
2086 3858 114517
2465 4458 -1
3022 4050 -1
2769 4685 -1
1153 2007 43788
2203 2887 191921
2546 3683 -1
2636 3054 104194
2943 4331 -1
34 4848 -1
2524 4612 -1
2232 3263 80494
2785 2985 -1
510 3457 63234
1080 2322 -1
1975 4078 -1
3175 4080 183044
2544 3458 -1
1369 3014 -1
908 2598 -1
948 3225 83726
142 3765 -1
234 3191 -1
5 1247 29551
1055 4799 160324
2824 3701 57089
4464 4633 -1
1304 1491 111438
1131 4095 79700
2806 4963 -1
2149 4129 55752
2801 3821 95810
224 4785 -1
1683 3527 -1
155 3606 170269
1885 2105 -1
646 1800 116384
1803 4547 -1
985 1411 -1
1251 1451 188878
195 2461 -1
2375 3402 180704
36 4488 -1
1653 2205 130346
915 2491 -1
723 1239 -1
2653 3115 107926
1140 3747 -1
2041 4937 -1
1143 3951 -1
567 3992 -1
3457 3500 109872
2731 4941 185969
3008 3890 -1
529 3255 -1
3144 3554 75818
2070 5000 152629
3230 4880 -1
443 3509 -1
3564 4820 -1
567 729 38702
686 4389 -1
370 1443 -1
1964 3650 175947
291 3713 189169
555 2632 -1
2227 3639 -1
2244 4650 56454
1088 3353 45689
2027 4802 -1
109 4275 151078
3462 3662 31494
2527 3379 97621
772 4396 36898
2049 3461 164295
703 1775 -1
845 1396 86008
310 833 -1
2487 4060 165311
1565 2872 -1
2021 2795 -1
1437 3471 -1
3152 3912 185195
540 881 143734
2215 3557 -1
1373 3786 110520
2303 2539 -1
1277 1554 100536
654 4809 82866
1303 2536 -1
3938 4192 179560
229 1122 133638
2481 4472 -1
789 2743 153428
2383 2852 112369
320 676 -1
3654 4506 90230
1574 2097 92323
1427 2589 28623
898 3925 131781
3460 4635 176175
1801 2245 -1
3626 3963 -1
789 1781 135211
2502 4711 -1
3411 4251 -1
351 1740 -1
1707 2349 93674
4860 4969 -1
430 1059 175343
2219 2507 142706
1280 2885 118679
140 4440 188746
1047 4935 -1
950 4651 -1
2049 4523 59864
3261 4113 191509
2528 4369 -1
1647 2576 84586
1104 2263 176234
3122 4301 14619
1412 2415 -1
3761 4267 -1
618 3794 141746
1883 4678 -1
1091 3044 9765
3714 4919 -1
3917 4598 -1
380 1921 -1
404 4079 85114
14 209 -1
184 2324 -1
146 3008 -1
3245 4896 57432
1738 2448 157393
2589 3241 124316
585 4791 -1
1734 2184 169945
1751 2765 171052
4544 4783 110745
3277 3392 91805
550 1702 50043
2388 4270 -1
1151 2304 -1
2032 2413 94877
1188 1417 33368
3644 4108 -1
478 4404 125600
553 2039 -1
3282 3885 65512
59 4878 -1
3455 3940 -1
275 4433 -1
3644 4145 99036
2972 3115 -1
1154 3406 61290
916 4603 -1
969 4362 -1
1213 1985 107851
9 3188 170358
137 1692 -1
4023 4909 -1
1048 2114 -1
2265 4758 53805
153 2425 87059
3495 4708 -1
308 942 133433
2298 4379 -1
2881 3475 39633
1682 3672 -1
1985 2809 -1
1503 4603 -1
47 626 13219
2164 3137 -1
1035 3942 -1
949 1545 145906
1383 3285 4740
1012 1466 190456
1014 3685 -1
2225 4876 -1
1761 3127 99503
1034 1203 28052
1302 1471 191666
247 2578 -1
2613 3051 -1
1637 4202 -1
2340 4084 82443
3702 4602 96567
72 3905 174539
1711 3744 -1
3825 4433 -1
480 2690 28011
17 2972 -1
666 3091 61809
3608 4835 -1
2706 3956 -1
378 2119 -1
1141 4305 94597
3647 4349 123527
484 3323 188117
1826 3773 134104
2860 2935 -1
2552 2681 35472
3975 4735 -1
452 4972 145866
2568 2761 -1
1203 3886 -1
734 2458 50007
920 936 -1
1590 2890 31702
1317 1579 -1
199 3874 -1
1027 4974 63238
2425 4059 -1
2968 3037 13614
777 3065 -1
2190 4337 40837
3015 3053 110763
4173 4545 -1
2256 3385 6666
115 2845 77995
1238 1239 27798
176 1482 -1
630 2464 -1
3307 4832 -1
1597 4096 -1
2358 4130 115219
2947 4072 171404
57 2498 145695
142 1951 126312
2670 4344 -1
818 3776 -1
3309 4683 -1
724 1566 -1
1273 3298 84249
268 1764 117514
1000 3176 -1
3117 4546 -1
1944 3095 -1
514 2583 -1
1090 2962 -1
4549 4666 11382
2794 4104 -1
2979 4216 -1
1700 4871 -1
875 2993 -1
1589 3502 110395
2752 3474 23311
328 2643 133051
899 3956 -1
1101 1222 -1
369 1762 -1
1597 1798 -1
241 672 -1
1880 2244 43189
1838 3467 -1
112 1929 -1
1885 2951 86928
606 3992 -1
1483 4714 -1
208 3268 -1
1308 4014 78710
114 2151 -1
1879 3783 156959
1369 3472 86795
620 2234 190243
1765 4524 -1
795 1854 48248
2251 2919 -1
540 1062 88854
1881 2460 -1
3237 3359 -1
1652 3143 63354
2551 4812 146175
198 2520 187229
1981 4459 151990
3431 3545 114463
2120 2352 151031
1937 3324 174435
720 3882 183181
1413 3311 -1
2193 2626 -1
1619 2543 124782
3554 3771 185672
671 1961 89342
883 4784 -1
208 2318 26564
906 4715 80835
772 865 -1
2244 2566 -1
1179 1563 -1
306 449 84223
3099 3404 94590
3219 4504 6820
1907 3590 -1
3347 4147 187915
700 3106 130434
1882 4400 88303
2036 2602 -1
2426 2736 192942
2313 4920 38046
427 2091 161968
2442 4531 -1
841 2003 87895
1784 2120 -1
759 1962 186641
309 4209 -1
3303 4570 -1
72 2965 -1
1192 2467 -1
4070 4304 -1
1007 4643 34481
424 1040 105192
1195 2886 11433
2489 4490 76136
1073 2587 -1
3177 4367 184922
1391 4430 81947
1203 3670 115271
102 130 -1
1119 2920 119733
445 3696 -1
2353 2582 -1
111 3703 55791
3696 4667 63971
2548 3075 -1
734 4204 102827
3489 4596 -1
1358 4551 -1
1592 1818 156367
1854 3672 139127
838 1822 -1
421 4766 -1
1756 3950 -1
4182 4241 -1
125 4859 -1
3603 4024 -1
929 1859 27565
86 4901 -1
420 1817 106183
452 603 98639
3493 4662 181116
1432 3093 50925
1426 4308 -1
25 2975 -1
1103 4768 -1
2021 4171 160633
2758 2962 75130
597 1126 -1
3622 4986 101498
2266 4900 48581
323 941 93737
1224 4174 -1
1225 1546 -1
3102 4188 -1
433 4312 121864
742 1635 17684
3497 3503 -1
1036 4559 155943
1079 3825 -1
2550 4808 74610
142 478 181338
2548 2790 4655
2146 3368 -1
1270 4620 -1
1365 2641 -1
626 4144 188650
2337 4485 -1
2150 4595 -1
155 3619 -1
3928 4246 -1
1079 1385 75219
1089 1883 -1
1330 1802 38093
3113 4050 193507
203 4915 66534
2626 4593 6885
252 2624 -1
2296 4612 112206
1152 1964 142289
3915 4755 7118
3149 4772 68989
295 999 -1
505 4590 109301
2455 3038 40549
1764 2912 163856
917 2073 -1
594 4228 184059
312 1995 -1
2115 4859 -1
90 4253 22159
3909 4288 -1
508 1902 -1
1117 2630 186008
2420 3197 92117
2388 4034 -1
285 1154 91353
1085 4358 39286
459 772 -1
3880 4206 112462
4933 4967 -1
223 4203 -1
128 1979 -1
1931 2287 -1
49 749 51927
725 4093 66360
33 937 78475
767 3661 187206
478 2671 73907
174 3878 -1
958 2560 -1
1093 3989 17326
820 3344 -1
125 1862 38363
3247 4567 -1
3525 4097 -1
892 2529 40405
3276 4522 -1
878 1753 7079
3134 4390 13506
422 2188 114842
3685 4629 65913
323 2971 -1
1842 4654 64630
1242 3327 -1
1581 2528 -1
1835 2282 -1
1820 1941 -1
3155 4495 120378
2485 4290 -1
2929 3255 73126
3272 4284 -1
1217 1783 -1
457 4210 -1
184 1369 68223
1750 4318 81647
3493 4011 121694
3664 4612 53171
881 2664 76136
4432 4832 340
456 3400 -1
1203 4115 24772
593 3201 142628
586 1006 158760
3293 4009 98553
931 4670 18166
1396 1557 -1
179 3272 -1
1178 2548 -1
145 1280 -1
735 4185 58269
1650 4749 70890
2063 4388 76968
224 2023 -1
1422 2289 137581
1882 3540 -1
3378 3396 -1
2058 3496 -1
747 1901 -1
2186 4841 118772
2201 3187 57048
2861 3756 57121
69 796 132009
629 4945 -1
2706 4684 55040
723 782 142419
1937 3950 -1
3416 4670 -1
1514 2572 157245
291 496 70436
3308 3564 72758
1670 2229 86165
899 903 -1
1807 3585 -1
12 2879 -1
904 4309 -1
259 4474 100091
829 901 -1
4021 4246 35480
1316 2602 185090
2183 3952 155843
1389 1932 -1
506 2890 18538
1030 4616 134325
1349 4508 102200
614 1865 -1
576 3374 119069
2044 3982 78225
711 2804 63072
4038 4665 -1
3062 4380 -1
298 1803 -1
665 2793 156867
844 2775 -1
2037 4224 40733
1669 3288 -1
1739 1799 41723
2318 2952 -1
929 2413 50474
2196 4857 -1
966 1671 103065
871 1743 -1
4101 4564 -1
1936 2288 -1
1357 4091 184115
1134 2973 -1
1219 2633 69829
2564 4015 -1
1146 1868 -1
1315 4074 -1
3243 3569 -1
2489 4747 137252
750 1066 170273
2096 3646 -1
922 3068 -1
478 493 22219
665 3136 -1
2247 2649 -1
611 4335 36641
4073 4142 405
2492 3661 80310
3337 4651 30220
4344 4762 110906
3520 4173 98552
2668 3435 13138
858 3208 153167
1398 2204 -1
738 4508 -1
2415 3614 172721
1642 3867 1868
486 1937 -1
3318 4977 64757
4208 4852 4728
799 960 18313
2410 2945 166208
42 1210 -1
1051 1552 -1
463 3328 166883
3926 4383 -1
2567 3206 -1
3250 3910 -1
3441 4048 59770
3690 3874 154163
4565 4870 -1
2475 2782 116733
650 2606 91359
4514 4758 116877
645 3964 133646
285 3071 -1
454 1108 21858
322 1857 -1
1753 2051 129957
86 2482 -1
3294 3807 26462
1516 4501 72516
2563 4320 62892
357 2777 -1
1965 3909 115847
2370 4861 -1
1340 3930 21076
2819 2987 126868
4269 4874 174154
5 2508 -1
262 582 -1
2222 2781 131884
1490 3010 71637
883 3079 -1
384 3337 56437
1175 1212 72010
2983 4516 183854
760 4090 -1
4324 4717 -1
28 1413 -1
1245 3167 -1
2522 2695 33370
2737 4284 173555
1041 2695 9351
117 3695 -1
3282 3790 105009
2055 4160 17022
2838 3309 -1
3017 4081 108535
1116 1309 -1
2309 4636 -1
2180 3796 -1
794 988 123399
1235 3713 -1
274 1968 -1
1230 4232 62086
922 3348 -1
2688 4967 3229
2398 3816 49514
1387 2086 120587
1665 4343 -1
76 4484 13091
1673 4048 -1
2774 3147 96949
2764 3785 33426
1487 4541 -1
3442 3742 108633
1471 3448 -1
445 2420 143342
14 2527 90818
48 3039 85911
2505 4830 -1
133 2114 129964
3412 4032 135982
3671 4148 173997
2677 4756 180803
1946 4900 -1
1210 2823 123031
2313 4216 152610
815 3108 -1
3612 4774 -1
892 1160 98013
3120 4751 -1
1940 4266 -1
3039 3599 109589
671 2256 -1
968 3234 -1
1421 1799 -1
1188 1238 -1
160 4516 135897
3369 4775 194337
1860 4678 169265
2638 4423 77390
3110 3224 26832
1983 2187 -1
1486 2542 -1
2629 2809 52610
684 1835 44289
459 1897 152667
855 4487 33968
1596 3688 -1
1187 4403 -1
2921 3002 -1
1600 2908 141341
1420 2865 -1
513 1964 137998
796 4586 -1
3413 3630 61928
2530 4006 21691
1837 3619 132090
1893 2615 -1
1177 1427 -1
1542 2138 -1
1246 4698 17261
1401 2592 107753
1974 3626 -1
2033 3089 107297
503 4542 177670
3544 4396 166452
801 2448 -1
474 4584 155582
3775 3821 115579
2589 4031 -1
311 3082 -1
2782 4385 13779
3383 4714 -1
716 4023 142423
863 4819 37276
123 467 -1
1718 4853 -1
922 2408 109796
3642 4388 40668
2718 3935 -1
1782 2966 125341
2574 3288 -1
1563 4150 158692
2338 2485 -1
570 2237 136801
2004 3518 -1
1636 4531 -1
3088 3277 -1
2805 3905 -1
2351 3041 -1
720 4934 -1
658 3071 -1
989 2403 54463
2246 3759 -1
445 3092 70718
1721 4092 38714
4596 4940 173350
24 309 79763
474 1119 184165
104 3015 25093
1803 2362 -1
1768 3209 161468
1288 2179 94606
512 2166 182200
1589 4896 -1
447 4025 -1
2841 3090 141430
2239 3195 101076
460 832 -1
3181 3560 4636
2350 2478 -1
1303 4156 -1
4041 4632 -1
1705 2577 -1
1106 3647 185541
2 3741 30908
621 4530 54698
1376 2943 -1
1638 4225 145554
1236 1824 118340
849 2260 -1
2382 4066 -1
1681 1867 128744
639 3915 52862
2507 4735 14938
67 4583 95680
4405 4718 -1
3241 4651 -1
1375 2880 149246
4064 4904 -1
2645 3936 73316
1260 2407 90853
1963 2053 -1
4625 4905 143047
1771 4416 24382
1043 3860 59517
404 582 -1
1589 2833 -1
174 4236 34217
1028 2850 79982
871 2438 89931
3162 4410 -1
1945 4088 3628
1977 2523 -1
148 2272 -1
191 2790 -1
831 3997 162397
136 2590 47007
2844 3735 14642
1734 3121 118659
757 4326 -1
1642 4815 114176
327 4045 -1
373 2100 -1
796 1159 175544
969 2703 186924
140 4316 179446
3111 4266 70270
4218 4836 -1
3649 4506 -1
1721 3060 61010
1575 3401 -1
224 1863 -1
1071 3384 14255
3380 3996 -1
736 4037 50463
1757 1890 -1
3104 4648 135611
3264 4835 -1
591 2145 3658
1792 3302 113881
363 1082 52414
1096 2372 132861
4674 4775 -1
1738 3912 113861
3476 4440 58483
4362 4868 -1
1781 4103 171043
520 2259 78154
650 1540 -1
426 1768 -1
3023 3129 24068
2884 3840 28159
417 2764 132817
481 2890 -1
1867 2325 -1
103 3007 -1
2634 3557 -1
552 3758 -1
2344 2941 147511
3598 4302 16113
1257 4514 -1
2780 2801 -1
267 4008 -1
1374 3237 -1
558 1809 -1
182 4826 -1
593 2284 77751
1739 2988 -1
69 118 -1
718 3276 -1
3836 4638 28977
901 3806 177421
2431 4590 -1
1225 3668 119389
2008 4255 -1
1476 3705 47489
247 361 -1
314 3565 105235
1443 1649 -1
742 2579 150606
595 1543 -1
500 892 -1
1245 2191 -1
3208 4859 134224
2196 2199 99148
437 2591 -1
1767 1968 -1
2049 2659 179580
2304 3496 99686
3429 4139 105773
2436 3398 109591
3013 4906 54038
787 1581 194336
287 1118 21234
2092 3209 10001
1660 4613 -1
2304 3947 103000
1277 4677 -1
3900 4999 -1
646 1115 146364
1471 2842 -1
135 3461 38074
451 3458 164439
546 803 16478
1824 4682 152034
231 4064 86977
1133 4660 8295
3624 4979 -1
3414 4826 65009
4347 4556 -1
1852 4857 123858
2836 4677 -1
276 3797 -1
1662 2371 22356
316 2596 108790
401 1279 -1
2380 2628 -1
2960 4107 -1
1083 3179 -1
3598 4697 22123
3222 4918 117062
1874 2089 33150
1735 4701 -1
1083 1566 -1
3803 4925 108833
1023 4897 103332
2938 4484 -1
2473 4645 9808
439 667 51789
22 2869 -1
689 3144 41393
661 3062 3014
2367 2387 60540
127 4198 66256
1407 1855 -1
3545 4121 -1
2044 4823 21051
1338 4829 127421
1940 3307 -1
1493 3347 42670
3208 3560 -1
1942 4772 191111
317 1149 -1
1910 2619 -1
1021 2191 135537
3022 4380 143331
2211 3719 161362
1764 3629 -1
965 2291 -1
921 2326 37892
478 4287 -1
1284 4161 -1
2602 4988 117323
3148 3410 -1
3149 3378 165901
2399 2895 -1
845 3923 9133
117 4000 -1
1087 1653 92138
4066 4484 -1
1482 4311 -1
263 573 -1
1816 2009 98479
535 4876 -1
2035 3122 -1
3625 4640 -1
3110 4231 131193
2571 2768 42306
573 2099 3430
1676 2426 104581
1342 2298 15251
2095 2530 -1
505 3933 -1
264 3016 44525
644 1872 52839
1012 2542 37249
3273 3583 -1
2459 3790 73758
2825 2971 170186
2001 3626 1720
2471 4950 -1
1466 2858 -1
4318 4484 132758
680 3367 38417
2675 3311 150388
3949 4081 100673
2102 3012 189702
2781 2906 108926
158 2246 -1
1705 3208 91675
3462 4056 -1
1762 2073 -1
115 500 -1
3441 4998 21330
1146 3219 -1
1805 3613 -1
3484 4061 -1
2677 4794 -1
1887 3453 -1
2075 4838 -1
3026 4692 -1
2904 4296 -1
3306 3644 -1
553 1821 -1
1614 3304 -1
1988 2079 -1
2197 3263 69233
1417 1947 -1
809 2045 70481
2661 3483 140504
1090 3797 115706
1413 3059 -1
3610 4264 -1
398 3028 -1
2439 3417 156352
781 1338 46053
972 2584 114203
1191 4810 -1
1347 2517 135274
526 4062 176075
123 578 13909
716 2268 180559
804 1952 -1
962 3795 -1
1641 4142 32928
1129 3056 158416
1604 4658 91349
2564 4435 107714
1310 3953 -1
2185 4367 99085
3535 3723 5538
3443 4906 -1
2227 3884 -1
916 3126 -1
2184 3552 14268
1970 2678 170528
133 2424 -1
3489 4054 -1
446 4672 -1
365 1424 -1
714 1335 149456
3177 3309 -1
579 4338 -1
2694 3471 23180
1451 2970 193477
956 4807 188345
1817 2430 -1
3901 4892 -1
3816 4607 69049
940 3251 -1
2147 3082 -1
3073 3803 83022
1079 2956 48966
2393 2795 37172
362 2612 -1
924 4169 64656
586 2186 -1
3665 4211 20624
4084 4778 96707
1284 2455 106091
1879 2271 138329
1451 3670 173648
1008 1942 -1
3352 3402 -1
523 1314 105180
1686 4730 -1
2408 2543 4858
1234 1615 88254
31 4140 158818
380 1871 161351
298 4483 -1
1321 2257 93086
512 2655 -1
2215 4408 165560
854 4836 -1
495 1043 40092
1243 3262 -1
2959 3849 63633
1023 3814 -1
1788 4104 -1
1516 1663 -1
1320 4070 -1
6 3434 118296
4194 4500 120201
4437 4986 81598
3524 4541 -1
3757 3769 -1
53 1192 -1
228 2740 154154
63 2446 -1
3618 3704 -1
524 2787 -1
125 1145 -1
3010 4870 45623
2033 3282 -1
1075 3498 149834
2887 4696 -1
3059 3882 102310
536 3905 -1
1892 4324 -1
185 3358 -1
4276 4936 -1
1212 3524 55521
4655 4867 4446
2440 2934 96790
56 4983 131557
1166 1587 -1
547 3515 40797
1058 3324 -1
642 3050 -1
1131 1810 -1
201 855 61449
1926 4427 -1
721 3701 -1
3216 4635 -1
2261 4675 89646
1309 1658 -1
232 2048 -1
527 2865 174624
1732 2504 133066
2050 4820 140613
105 2773 -1
3621 4869 7763
326 2339 23783
3020 3521 -1
381 890 30359
2884 3804 174092
1120 1211 45956
116 4336 -1
3251 4085 114247
1318 4507 108805
1157 3455 191477
1386 1688 -1
1 1028 -1
1399 4511 -1
2621 4158 21789
3423 4808 -1
2945 4815 154167
1226 4511 158076
1475 2664 174791
2528 2647 -1
3507 4292 159522
1577 1631 -1
1665 1944 -1
836 2271 -1
2939 3027 -1
497 2553 162793
3257 4486 127216
804 1363 -1
2332 2817 -1
1204 4323 187336
3104 3873 76839
768 1082 57459
2647 3695 -1
3563 4563 176491
1108 3628 -1
1436 2828 -1
3402 3837 -1
2746 3129 191583
428 3998 144472
431 1271 -1
2666 3436 -1
583 3402 -1
2544 4583 -1
2632 2853 -1
930 2762 -1
1620 3538 176664
722 758 -1
1304 2687 155381
3202 3955 34187
756 1526 -1
1241 4657 -1
822 4954 -1
3558 4468 -1
2365 4992 186685
1818 2789 171718
564 1628 -1
2719 4279 -1
1381 2883 -1
84 2364 -1
592 832 15780
2400 2458 -1
962 3572 -1
6 2154 -1
1340 2023 -1
414 4127 180676
294 1279 -1
1033 1485 40031
2888 3910 50021
1398 3940 104852
2103 4646 -1
747 1909 90470
3847 4931 -1
1695 1716 -1
721 930 24857
400 2931 -1
1890 2848 38949
3909 3974 78050
98 439 54117
155 478 -1
951 1665 -1
371 706 170092
90 341 -1
2484 4367 -1
752 2171 -1
1557 4770 -1
2096 4092 -1
3538 4937 -1
3476 4001 -1
235 3826 -1
452 748 -1
1354 3310 -1
69 1056 87472
1328 4997 112351
2936 3218 37676
3342 4321 -1
2109 4020 -1
272 528 -1
1027 2018 -1
1019 2851 -1
2052 3429 2178
941 2877 98890
2342 4306 -1
1940 2146 -1
312 4631 -1
724 1734 137844
451 2625 -1
1175 3032 -1
3589 4835 -1
1406 2148 174953
695 2505 11558
2024 2771 179800
2373 3598 -1
1159 1430 -1
829 4730 -1
1633 3116 -1
107 1194 69009
386 4348 -1
1566 2112 -1
2149 3880 -1
2636 3936 -1
3489 4262 104624
3038 3095 -1
36 3053 -1
1100 4154 73539
1992 3345 26059
727 3793 4869
389 1519 -1
3121 3691 147080
17 3252 -1
1239 4925 -1
1988 3903 -1
353 505 46389
3538 4594 85877
2474 4968 -1
1608 2176 93526
834 2658 137209
601 3033 90008
240 1443 -1
3275 3294 171337
1542 4858 -1
285 2290 98717
183 3679 -1
2757 4639 -1
1950 1980 -1
1957 2047 -1
313 1786 28153
2089 4214 -1
807 4779 138735
3579 4194 166482
888 3521 38208
3188 3616 -1
1823 4364 -1
1173 3588 -1
2245 4930 144581
3489 4169 -1
1214 3990 58545
1425 4639 -1
248 523 132811
2746 4022 -1
1392 2212 -1
660 3518 168946
452 2469 -1
1982 2921 -1
140 4716 135543
266 4269 108708
2216 3438 -1
908 2031 -1
647 2602 -1
1367 3716 -1
233 2739 -1
503 2426 -1
610 2649 6963
826 3009 81885
1573 1987 80615
357 4418 27470
4349 4367 55522
2402 2473 48609
1298 3719 3915
1646 3483 169067
1759 3554 99012
3096 3587 9306
595 4730 42573
4678 4805 146066
2403 4286 -1
1714 2894 -1
1038 2617 -1
3478 4279 68105
2882 4008 -1
3387 4401 -1
3770 4196 105217
2369 4467 -1
613 919 -1
1754 3137 -1
1694 2548 -1
1689 1988 -1
1098 1739 -1
123 567 -1
197 4221 -1
2259 3468 694
1729 2509 -1
2623 4758 -1
2034 4982 -1
148 2621 88003
2322 4565 100320
1702 2848 180815
1324 3502 -1
4374 4424 -1
2975 4221 91641
2652 4597 169485
548 1118 161379
1737 3563 -1
671 4783 -1
748 4518 -1
2325 4082 -1
605 3912 57331
1229 1895 -1
3521 4346 -1
1244 3244 -1
998 2195 -1
2267 4160 -1
164 3646 -1
2080 2528 -1
691 3039 66866
1550 3103 121579
1559 1884 -1
238 3503 -1
1546 1688 -1
2391 4797 129347
511 4300 48052
1751 4117 80796
2185 2738 73470
1213 3590 -1
605 4718 -1
3051 3765 -1
1391 1561 -1
3536 4003 93237
3094 3472 -1
3293 3689 -1
2150 4516 176967
4078 4607 -1
1443 2728 -1
2696 4827 51382
1507 2697 101588
2475 4975 181096
194 2294 20470
886 1269 176511
904 984 103560
4727 4954 -1
3443 4974 71315
3041 3793 -1
2438 3541 143901
2746 3659 96909
2851 3423 181744
256 1931 45035
2782 3068 16451
273 4515 75669
699 2527 -1
4078 4118 77038
1529 4527 151611
746 1919 98123
2084 3337 155345
1015 3107 156713
3755 4627 -1
710 2992 -1
1989 4363 81511
598 1375 3672
2754 3688 10840
1145 2152 -1
1221 3735 126705
1907 4338 30203
2399 4910 -1
1450 4936 -1
921 3107 -1
3088 4826 -1
3331 3588 13031
804 3942 -1
1997 2924 154873
544 996 -1
699 3422 -1
3070 3490 -1
485 2084 139740
82 3793 85692
225 2846 -1
3976 3991 -1
2236 4092 -1
132 2432 -1
4099 4401 -1
810 1628 131274
2907 3188 150913
1956 3139 90298
417 2291 110510
167 3127 107195
946 2141 108194
1487 4771 111050
1532 2879 34667
547 4421 190220
1758 2387 -1
3432 3615 78952
2189 2608 37915
3471 3569 130396
1990 4569 -1
4007 4523 -1
813 2539 151570
602 822 -1
2720 3131 175196
890 1721 -1
258 1209 -1
377 1083 161456
211 809 181587
343 2107 -1
1388 3967 -1
1661 2804 -1
2000 2897 97493
3172 4771 -1
3314 4196 -1
1094 3991 -1
1882 4382 -1
1265 4083 -1
247 4893 181376
853 3906 -1
1590 1629 24324
2208 3699 193366
1718 2144 -1
1313 1850 115699
1645 4259 147734
2626 4755 -1
530 2296 -1
177 2130 173726
1127 2254 118079
2463 3779 169299
3899 4515 32834
2185 3889 -1
1070 2688 97833
2523 2579 100890
1948 3431 98361
1524 1738 176346
2822 4626 -1
508 1331 52779
1853 3602 -1
2048 4783 184206
3711 4973 -1
3671 4132 54146
22 89 -1
1073 2781 136745
1006 3525 -1
720 2086 -1
2591 2882 158780
2658 4283 -1
3636 3683 78019
448 4555 -1
1161 1973 161088
1548 4749 -1
1940 2073 142047
3399 4321 108959
636 3616 110267
945 4215 161652
936 2914 -1
34 4029 127324
86 4444 151184
1920 3139 -1
3832 4429 -1
1885 4796 -1
2170 2743 171358
3048 3314 60876
14 1863 -1
1815 4566 32634
2295 3695 31187
777 1450 -1
1489 2180 -1
748 1258 104730
1219 3950 35027
1342 1837 -1
1895 2450 -1
1700 2636 94697
620 2123 -1
315 4233 -1
996 2791 164690
395 4684 -1
2389 4233 178179
578 1983 -1
750 3241 -1
2693 3958 -1
273 2532 -1
3192 3377 -1
655 679 -1
2385 4494 -1
1582 3510 -1
793 2605 -1
1981 3052 -1
4382 4733 81445
336 481 153866
905 1605 -1
2713 4299 -1
3612 3693 -1
984 3218 -1
1141 3805 35281
831 4019 -1
3108 4288 -1
788 4968 30516
637 2883 -1
759 1120 7111
702 4657 -1
1360 3812 98448
2174 4428 167658
183 927 -1
1191 1284 88693
2696 3929 118218
113 4628 79590
3202 3701 -1
3221 4378 105882
1150 2884 -1
148 4425 171707
2528 3598 -1
46 2388 -1
565 1964 71924
2083 4112 -1
473 3131 128586
177 3194 -1
174 3092 111583
554 2781 -1
3661 4451 -1
3102 3294 108094
132 4427 143912
895 4908 -1
508 3134 116355
2726 4103 68945
513 2572 -1
3205 4933 102976
219 1766 -1
227 4592 43165
1086 2940 114420
1616 4140 -1
830 4453 107305
602 2242 -1
2020 4834 143973
1281 3022 105248
472 4845 153319
120 2870 -1
999 1219 -1
737 1589 -1
560 751 68768
440 4015 193366
2711 3380 97660
3147 3522 85871
2580 3714 41539
2093 2535 -1
4453 4741 -1
3386 3984 108896
2309 2401 -1
249 311 -1
781 1146 -1
198 1491 30901
16 4841 190453
2855 3022 152080
1431 2539 162961
1492 2561 -1
2582 3312 81511
803 4478 -1
1278 1513 68837
3973 4383 30261
2743 4545 -1
2490 2618 -1
187 3245 -1
400 3605 -1
4389 4651 -1
1156 1869 121061
2051 2380 33967
1449 3655 165055
2713 3444 104817
1724 2639 140235
531 4436 42975
3417 3909 45460
1143 3738 -1
2702 3023 10929
4306 4571 66783
2556 3257 34370
449 2618 104051
556 2786 153759
148 3087 -1
777 4140 -1
1710 4509 -1
917 4395 81464
849 2714 -1
135 3194 -1
1381 2983 173953
3836 4809 23664
2101 4438 -1
384 1261 -1
469 1219 125630
1575 1600 24396
1578 2795 -1
566 1698 107594
1002 1019 88063
781 1818 -1
2032 2883 -1
1423 3222 -1
2026 4587 -1
409 3163 118821
1417 3059 111929
112 1952 -1
2308 4850 -1
2068 2171 92628
3454 4007 -1
2057 3346 -1
542 2430 181465
401 4590 -1
393 3137 -1
3317 4300 123175
2064 4298 -1
60 1335 -1
874 1193 -1
1423 2897 67152
1532 4966 -1
1147 2415 -1
1291 4570 17068
846 2680 126318
269 3832 27483
229 1557 -1
108 2056 80200
1424 3091 126834
1774 3096 -1
3254 4286 116078
117 2593 107209
3932 4499 149556
447 1443 -1
1953 4888 -1
2780 2794 -1
3324 4009 -1
3534 4390 -1
2955 4924 -1
292 3297 167757
2524 3366 183644
526 1812 -1
2473 4619 102680
932 2159 -1
100 3062 103010
3148 3818 -1
34 298 77670
2080 4177 -1
2387 3358 94924
1881 2301 116912
1058 3501 -1
3190 4974 111856
1587 1832 -1
513 586 -1
128 3446 76728
2589 2658 -1
202 999 190950
3284 3846 75538
1336 4207 193874
499 2838 133601
1053 2427 35356
1024 2341 65751
3673 4071 -1
486 4857 143607
940 2224 81650
3237 3413 48433
3641 4971 -1
2581 4874 -1
2342 4607 78736
2137 2321 91723
1905 4975 92844
482 2084 22684
69 4147 12277
2335 3672 67647
1598 2336 -1
2460 3816 171678
94 1668 179847
1368 3937 14391
1045 4139 -1
3075 4634 -1
1295 2236 146521
2027 3337 -1
767 3379 77236
1576 4561 -1
3004 4758 -1
2271 4296 -1
1742 4618 -1
286 4467 -1
1876 2604 -1
2737 2941 73830
1296 1334 -1
2810 4592 -1
1466 1499 178153
3511 4550 83068
691 4895 187829
3306 3518 70776
1632 3537 -1
1087 1902 146983
2041 4310 133986
4016 4901 19210
35 2233 27573
1174 1233 93607
669 4509 19101
2751 4245 158074
2676 3762 99902
725 1874 -1
1491 3842 56551
3620 4526 -1
2475 2883 -1
673 3101 142760
3722 4724 54294
3094 3881 -1
700 2061 -1
600 899 -1
196 4373 -1
769 3862 -1
128 2404 -1
2585 3520 -1
776 4402 16546
3424 4042 -1
3473 4610 -1
1651 1826 -1
1049 2063 110973
2482 4445 130229
1732 4898 -1
381 4999 -1
391 4109 36774
2483 3746 173261
373 3076 133156
2958 4387 94269
11 1915 -1
1502 3050 152055
3720 3788 169909
2364 2906 119244
296 1461 162976
767 4756 -1
126 3694 125406
4145 4747 -1
2818 2927 -1
1998 2081 -1
2798 3236 104716
36 4174 -1
652 810 15072
323 3860 19958
687 3841 33526
1251 1270 -1
3715 3974 -1
2728 3021 54049
3179 3493 128370
1568 4573 -1
2917 3847 70916
1571 2926 10001
1962 3989 -1
1120 2977 -1
1600 3209 -1
451 3890 161715
1641 3772 113625
1654 4323 -1
1842 3266 114589
311 4732 -1
1279 1440 -1
1464 1495 98479
270 3566 85767
865 2411 -1
737 3700 63194
1857 2355 -1
819 2147 98968
1922 2042 129104
1443 1706 -1
3921 4597 33550
1725 4388 16733
915 4561 -1
4750 4837 178065
123 1308 -1
103 853 123477
1139 3730 -1
411 2965 5930
3095 3726 -1
690 1850 78546
2839 4649 -1
1040 1547 9653
2479 4928 -1
1807 2535 6349
2731 4123 147744
815 4001 113708
115 3035 10620
116 2023 -1
2513 4516 191483
2060 2061 134090
2198 3770 -1
2051 4745 5151
3356 4329 49906
2118 4464 167901
1817 2658 -1
561 3734 -1
1486 1739 191760
578 3404 88472
1182 2780 -1
1281 1350 188393
2930 3994 72446
1711 4046 78537
1015 2245 151024
257 1086 -1
4038 4101 100475
2386 2408 -1
3001 3841 -1
1000 1841 182286
1332 3628 129611
2288 2738 -1
188 2023 -1
4060 4084 -1
2935 4567 -1
1193 1580 80798
618 4586 79659
706 1560 -1
3432 3880 -1
698 818 57938
670 2152 -1
187 4259 139384
1580 1613 186196
1739 2396 146092
68 1242 -1
1638 2054 -1
1712 4585 14778
3193 3258 84690
2962 4342 108294
1681 4454 -1
2348 3979 85249
407 1821 -1
1717 2832 -1
1293 1403 145797
1415 2380 133436
3260 4949 -1
247 4372 39914
1171 3439 147819
3846 4447 11602
813 3480 -1
2916 4138 95027
1397 3772 45620
1435 3647 -1
2381 3642 181882
31 1609 -1
2744 4383 86113
2470 4344 2931
38 3682 190598
796 1172 -1
1918 4017 -1
1503 4737 -1
2250 3595 -1
219 2929 188801
148 3877 130284
734 1299 186921
4060 4617 148211
2712 3092 2522
1908 4370 -1
4111 4676 97200
3170 4421 -1
4218 4559 157984
3499 3895 10008
1717 4435 -1
2458 4335 118510
2341 4760 -1
1674 2272 60112
1918 3636 16034
2488 4703 154433
2150 4804 159626
726 3855 -1
757 4402 -1
898 1475 25058
164 2085 -1
1675 4819 -1
1175 2176 -1
2703 4972 -1
2202 4563 38659
1937 3707 -1
1972 4313 -1
618 4325 143199
1089 4781 85947
1978 3378 -1
404 4288 185435
3232 3745 -1
4184 4735 42672
172 605 -1
1539 4821 48270
1773 3372 -1
3079 3115 -1
2332 3036 -1
3793 4718 46548
2597 3780 -1
2197 4984 -1
2219 3097 105031
2154 3755 -1
4725 4879 181482
4772 4931 156621
2367 2428 114678
1522 4934 63522
1393 3511 -1
1151 1867 158989
678 3571 -1
2737 3062 -1
1658 4618 -1
1883 2762 24512
1037 1604 -1
1957 3141 171274
2590 3257 -1
1459 4725 -1
1541 4966 49745
1033 1765 145945
2495 3452 -1
453 1294 134634
864 4379 -1
3543 4473 -1
1365 1530 -1
424 2372 98112
1380 3255 -1
259 641 -1
906 2643 -1
2548 4506 -1
546 3593 56138
2467 4689 -1
2999 3287 -1
2966 4724 68464
1587 1669 191168
1530 1680 -1
1398 3327 -1
2905 3695 81651
2432 4595 -1
1586 1788 -1
513 4633 -1
1428 3432 -1
2729 4799 -1
809 2541 -1
512 4007 109515
805 3908 190644
1909 2435 -1
2355 3871 167522
1275 3631 -1
294 4127 25807
365 1993 192782
3449 4378 79243
3504 3703 37777
4519 4684 67656
608 4634 -1
1980 4196 -1
2050 2931 -1
587 3836 -1
1421 4154 -1
473 3456 72944
1111 3169 -1
3317 4430 -1
871 1865 75567
1714 2489 -1
2847 3840 -1
923 2623 72927
284 2009 79910
3799 4559 -1
3274 4934 -1
1727 4302 183351
1243 2312 91099
2187 3773 -1
2524 4299 -1
2613 4432 -1
335 3603 -1
2814 3512 -1
46 2964 -1
661 3846 28490
189 3123 -1
394 3843 40514
90 4097 39611
1743 4107 175874
284 1685 -1
3835 4721 -1
3732 4483 54799
2500 4579 -1
2693 3910 134743
308 1930 93526
468 4888 189041
1166 4975 10704
661 1852 -1
3749 4805 -1
423 4529 93020
772 1143 81330
1498 3806 -1
538 2041 -1
2545 3655 -1
1099 2215 30883
477 4449 184150
3626 4189 99905
1036 3999 -1
1226 4990 144297
42 4113 31870
855 2836 -1
1825 3101 182981
1538 1582 86006
620 4693 -1
2252 3420 175498
1124 1928 -1
1043 3923 -1
1532 3529 -1
642 3780 60774
381 1428 65515
2243 2607 9797
45 1399 149488
1119 1833 190243
767 3417 -1
308 2168 -1
1351 3409 51896
798 2418 157787
3014 3908 176864
1326 4112 77086
903 2955 -1
998 2984 -1
3956 3987 -1
3856 4326 9256
2217 2535 -1
1765 3335 133701
4526 4782 23608
3338 4951 -1
540 3724 -1
106 4643 -1
3838 3946 144831
968 3611 -1
1585 1857 110323
1367 4480 -1
403 616 -1
3024 3193 -1
131 2604 -1
74 3144 34370
3813 4762 153284
93 3652 160257
1037 1376 -1
2101 3993 97000
373 1962 163855
4591 4972 183163
1973 2240 158752
1195 1823 -1
3256 4632 116069
70 2876 167146
76 4641 75907
3563 4941 -1
1570 2570 -1
3265 4520 73349
798 1290 -1
436 4573 -1
328 4721 -1
2031 3308 186898
455 2529 60097
2287 2329 -1
156 613 -1
979 4954 187894
1503 4149 156053
2060 4341 155050
2058 3447 -1
2004 4091 -1
2032 4025 -1
338 4135 131457
1368 2496 -1
317 3458 159010
1016 2772 6166
1424 4069 -1
3525 4009 -1
2038 4240 -1
1110 4066 127537
1668 4170 33270
3166 3682 -1
789 1345 107799
3791 4347 -1
1530 2547 171265
2770 3608 100546
848 2714 -1
3448 3635 147978
1029 2741 132293
871 994 103555
572 3813 94712
1046 1339 -1
2818 2875 63432
1997 2084 -1
1180 2208 161542
902 4433 -1
1021 2731 -1
618 2170 24137
2259 4729 -1
1250 3029 84213
1349 2622 54366
3206 3536 82837
240 2333 -1
613 710 -1
312 3525 -1
1970 2017 -1
2167 2745 -1
1208 3661 91162
757 3516 -1
821 4696 -1
1147 3235 -1
1136 4990 15631
269 4171 -1
2569 4701 26916
1814 3076 127682
2776 3731 -1
597 2437 37441
846 1933 40522
3497 3502 -1
961 4618 85888
1140 4342 14256
1619 4110 -1
181 258 143092
501 3602 -1
4490 4732 -1
532 2343 5668
1077 3619 -1
1368 2790 -1
388 872 -1
3426 3760 167988
1195 2783 -1
967 1866 101004
3360 3920 63280
536 2129 -1
30 2719 -1
3081 3594 -1
1225 4066 40404
820 2080 -1
117 2354 -1
2728 4841 134154
3344 3699 -1
409 1970 -1
3481 4107 -1
355 1941 -1
1154 1699 -1
1286 4834 -1
3298 4664 -1
996 1693 -1
2570 4259 -1
2500 4538 22347
2276 2383 -1
1942 4050 149111
1863 2767 -1
938 4070 143229
36 875 18764
769 3967 14843
3165 4680 93043
1935 3944 -1
1008 2433 -1
3242 3351 193230
1638 4355 108066
1362 1731 -1
2497 3165 79879
1128 2714 -1
1509 3866 31211
79 4251 -1
1256 4951 99405
78 2095 97187
36 1143 -1
942 4174 48003
324 1740 64248
1519 3865 97637
902 2973 -1
1316 1790 -1
6 4848 39589
287 2881 50652
1727 3888 512
1154 1403 169814
1898 2369 179605
754 1505 166520
2177 2447 5391
169 1564 -1
2021 2838 55539
1092 3047 191302
2461 3035 -1
608 798 -1
215 2531 -1
645 2247 113112
1264 4597 85168
1702 4486 39866
3128 4877 -1
4249 4518 -1
2340 3040 111219
3206 3915 -1
1374 2981 -1
172 4217 13948
321 4149 23156
1060 2051 -1
1412 2383 -1
3171 4152 90632
654 3841 121918
501 2756 49901
3145 4486 35323
565 4442 110000
3269 4850 -1
2083 3684 188229
765 3052 97346
3963 4942 -1
2416 3023 148058
2424 2920 -1
1319 2693 -1
1853 1944 -1
135 2828 -1
1037 2945 64064
2911 2998 -1
3858 3899 184653
1107 3810 50479
1222 2925 33336
3122 4442 66175
1467 4264 103624
3563 4154 -1
2577 4872 85934
1092 4648 -1
590 4320 -1
1475 4910 41544
260 3397 5940
1479 1995 65193
528 568 165927
2086 4269 -1
4321 4727 -1
206 4229 -1
2351 4939 52528
1516 3325 84038
1096 2167 -1
2149 3739 -1
2479 3916 86500
3716 4216 -1
778 1558 168907
921 2936 22617
636 4251 38466
19 1408 -1
3198 4273 -1
710 4612 181800
28 4883 40369
2492 2892 103141
2452 2782 151844
2304 3932 -1
2145 2393 -1
1510 2843 -1
197 1997 -1
1513 4286 -1
1401 2018 -1
3746 4998 -1
1856 2495 -1
3215 4549 192161
1320 4395 -1
229 1700 -1
583 4083 4591
641 2092 31515
11 209 -1
3059 3735 107141
3648 4956 134390
2847 4559 -1
1270 4203 17270
541 1704 -1
287 2959 126931
224 1815 41890
2753 4142 -1
2564 3136 -1
72 1894 -1
685 1967 185464
2957 3786 -1
1239 4091 36349
1766 2099 81691
550 3834 83296
812 4509 -1
132 1185 -1
311 754 182068
2361 3014 67290
128 685 -1
3272 4296 9586
1006 3596 -1
2573 3612 165504
3710 4120 43732
521 4156 101859
3451 4206 181144
256 847 190153
1982 2611 -1
3889 4085 100111
725 1148 -1
514 2467 -1
4120 4367 -1
1237 2324 146423
2217 2399 -1
1300 2140 146020
809 2578 80036
897 4528 34245
2796 3429 -1
1321 4462 -1
454 3512 -1
7 2432 -1
776 835 56472
1419 4825 39555
875 3371 -1
2330 4950 -1
2852 4526 -1
923 3044 -1
1198 3094 -1
571 1560 -1
694 3222 -1
2348 4170 -1
475 2762 -1
93 3435 62022
2106 2681 26949
4541 4578 -1
2586 3377 -1
1372 3224 -1
2879 3000 37367
125 1471 -1
875 2434 -1
167 885 -1
3303 4236 144309
3763 4534 -1
1647 2845 7031
1369 3653 -1
2187 2467 -1
1153 3189 -1
2319 2676 -1
1990 2213 123084
2624 3822 29393
3917 4471 193724
1154 4958 2595
331 2864 -1
2249 3583 -1
908 4650 -1
3648 4797 -1
312 2304 -1
2454 3984 172597
709 3670 54596
756 4109 -1
1078 3486 -1
359 3342 14438
1292 1766 -1
1827 2676 -1
587 1662 -1
3603 4655 61878
1216 4533 -1
77 3409 -1
2299 2646 -1
3507 4452 90518
1372 3348 -1
340 2269 140216
2504 4483 57715
128 2611 -1
3897 4191 -1
1030 3734 47724
2501 3079 -1
2791 4676 167342
4095 4315 -1
3794 4472 -1
1742 3366 32076
768 3524 -1
1485 2399 -1
929 3439 -1
3098 4926 157965
800 1167 59385
3371 4499 159473
3517 4849 57076
3585 4256 -1
651 3303 -1
1328 3791 -1
2904 3594 -1
2307 4664 -1
3462 4863 -1
1584 4848 130046
1039 4408 -1
861 4328 -1
455 4591 -1
1718 4756 -1
330 3932 78041
4760 4937 124908
3391 4706 43676
1515 3692 131313
2179 3060 150050
1029 2469 95809
3343 4484 80434
856 1986 75817
3269 4928 73777
3843 4480 28565
532 4701 42506
2291 2923 -1
508 2496 -1
3829 4918 114227
29 2841 -1
3458 3651 89861
987 3818 -1
914 1347 97061
135 4071 89987
732 4869 -1
375 1930 -1
43 1832 -1
2238 2477 54339
3268 3780 -1
2833 2978 -1
2939 4417 -1
118 2712 7127
1024 2167 -1
2660 4587 56540
3007 3069 121168
1476 4330 -1
2572 4828 -1
1238 3129 114677
1417 3311 192827
359 1155 -1
2469 4075 140439
364 703 -1
644 4129 80819
254 2679 105982
1471 3502 58493
12 5000 25295
1780 2000 -1
822 4736 -1
3208 4284 96086
416 891 -1
1933 3908 4584
1391 3429 60032
4762 4875 -1
2650 4335 -1
118 2493 -1
2698 4697 -1
1482 2133 -1
4017 4779 36548
2285 4677 -1
530 1696 -1
1278 3749 64852
3897 4327 -1
404 1840 -1
2463 3994 -1
2806 4632 -1
3137 3390 44464
523 780 -1
3922 3995 147829
459 4166 42525
156 3335 23234
1079 1263 -1
3082 3547 -1
2709 3251 186284
1428 3821 -1
2368 3008 -1
1352 4058 -1
790 3788 66707
2737 3874 154589
2506 4786 -1
4310 4644 -1
357 4130 -1
1069 1743 -1
3699 4708 -1
3931 4289 -1
4439 4903 161538
1262 3452 -1
2557 3977 -1
3786 3925 -1
1580 3264 4065
2619 4151 -1
1454 2759 -1
1279 4494 -1
1040 1085 -1
1999 4376 84122
476 720 96358
3596 3855 109691
2264 3747 68122
1641 4703 -1
1641 2792 -1
87 2328 171666
564 2115 67846
689 4352 145782
2156 2341 136202
4550 4922 -1
1732 3006 160772
721 3571 165068
1347 3719 -1
287 4945 119483
2203 3038 45238
4026 4882 -1
2969 3415 77858
670 4914 -1
2118 3994 -1
753 1804 28984
417 1516 -1
3288 3968 94797
1369 3583 81557
3180 3497 26175
3642 3702 75714
1236 2977 129109
283 2497 -1
2141 3378 -1
2198 3000 -1
1914 2392 -1
4219 4331 51931
2129 4232 -1
1998 3701 -1
185 4149 46131
3509 4484 -1
3021 3191 170627
745 1321 184020
862 1467 -1
12 4871 -1
3333 4265 2170
2342 4832 71846
3221 3947 118448
4191 4696 115593
458 3552 136598
533 3590 -1
60 2743 -1
2154 4008 -1
3409 4752 69805
540 4823 63103
316 3175 -1
325 4772 -1
657 4837 95218
1427 3749 152302
921 4681 -1
3176 3785 35186
1762 4934 122633
4228 4457 -1
2079 4395 -1
4553 4727 -1
577 1396 -1
2757 4748 -1
2188 3009 -1
3569 3630 -1
431 2714 -1
290 941 4136
1516 3398 118969
291 3618 135830
986 1135 -1
285 2594 -1
1337 4352 87725
333 4625 122997
492 2521 93311
80 4888 128020
2526 4950 -1
4604 4874 -1
1738 2543 -1
1027 3366 -1
3851 3865 -1
1945 3874 11041
1665 3771 33330
3023 3136 187727
1051 1380 101008
2544 3982 94137
1689 4831 158425
535 4749 -1
607 2461 95338
242 3931 58456
1868 4415 -1
3360 4395 -1
2095 3085 155947
1293 2707 70294
111 2156 110986
3382 4927 -1
1803 3180 -1
1449 2769 -1
2613 4125 -1
436 4854 -1
272 3616 166077
1509 2390 -1
2367 4766 191986
2592 4413 123225
1897 2942 166556
1623 3001 151494
3821 4285 -1
776 2111 86670
2399 4339 17439
4094 4750 -1
2088 2327 -1
996 3420 -1
2117 2901 148387
1658 3565 -1
2603 4313 31353
3163 3995 9601
1767 2045 -1
206 4481 -1
1505 2949 -1
3474 4615 -1
130 2275 -1
4188 4204 80372
252 3421 -1
3293 3678 158088
297 1408 -1
2043 3127 86
3619 4710 -1
850 1085 39918
769 3854 -1
957 1797 83241
834 3991 114536
3431 4678 -1
1741 2306 -1
120 2752 43832
1590 4067 176765
79 1154 55001
2032 4520 117068
1701 3754 -1
4308 4536 -1
618 4221 187150
703 2806 -1
1412 1768 122231
1598 2667 -1
1079 2885 -1
1084 2410 157913
114 988 -1
619 3411 100218
664 4665 -1
589 3469 -1
3618 3737 -1
2141 3696 -1
180 1180 157025
1861 3411 -1
2253 3484 140427
622 1547 105776
333 4204 -1
568 1407 190169
3826 4395 -1
701 4968 1022
1934 2524 87463
236 2005 -1
1188 4160 -1
4405 4763 -1
509 3015 67118
248 798 -1
1206 2388 78550
2258 3822 135788
639 701 6733
477 1513 31569
1943 3669 126784
473 491 69297
2027 4330 55556
2991 3580 -1
3880 4489 186777
1801 4447 -1
113 4292 71791
3619 4851 -1
1123 3398 23100
354 716 56297
2288 3677 -1
176 4237 97880
1985 3696 -1
1059 3643 -1
720 2788 152723
705 1497 -1
202 2594 29546
173 1367 109378
979 2942 157999
1472 3903 -1
640 2519 138912
1531 2389 -1
3741 4954 98905
1574 4357 -1
765 4700 -1
2589 3084 136165
1690 4811 34192
1018 1701 -1
1725 3481 70944
1798 4817 82710
1464 2206 -1
959 1574 84909
3154 4869 -1
3027 3883 136697
2617 4729 33253
2685 2862 -1
1627 2703 -1
1234 2715 -1
786 3307 -1
3724 4027 -1
4899 4981 128311
565 2998 -1
1910 2521 51983
240 4004 -1
3283 4403 -1
905 3618 168708
717 2932 -1
2767 4799 -1
850 4643 -1
1571 3356 173482
3798 4664 155040
2372 3505 156033
1975 2370 162149
4067 4452 -1
1739 3153 -1
1560 3885 95816
3086 3804 149185
1844 1901 161859
892 1752 -1
423 2667 -1
155 852 126953
2465 3298 187852
1477 3087 -1
1620 2450 94564
1619 2265 4241
2336 4441 63345
604 849 21808
2875 3953 -1
1849 4756 97709
990 3066 -1
3541 3928 32128
1203 2932 3533
3955 4163 -1
1894 4061 -1
2440 4549 30543
2644 4105 -1
586 1833 7514
574 3575 22958
1748 3538 145853
523 4101 -1
2091 2830 -1
1253 4879 -1
3219 4214 23065
3509 4572 -1
1544 2684 -1
1515 2661 -1
821 2032 181989
1920 4471 147933
1175 2422 82181
372 3954 153416
4349 4542 -1
344 2284 -1
468 921 -1
2512 2672 118836
656 4449 53845
3103 3549 58259
2863 4574 -1
2455 4659 -1
690 1517 102645
489 4593 71882
3985 4935 73303
1800 1869 -1
2172 4274 74501
1151 4196 -1
1680 3238 -1
2549 4126 -1
332 4188 191498
1612 2641 -1
380 3732 144996
406 2286 65954
1620 2050 52006
1177 3453 -1
2066 4166 92247
2763 4901 -1
460 4083 67167
1741 4291 -1
3472 4364 -1
459 716 166530
1733 4466 -1
3458 4353 103449
2650 2993 -1
245 2582 -1
2544 4281 11853
3503 4655 -1
117 199 31346
2763 3586 137418
909 1548 138040
1735 3584 -1
806 2913 -1
3937 4251 117388
4260 4656 80428
1102 2822 -1
2768 4239 55907
1137 3096 -1
2733 4819 85005
78 3562 174133
2662 3374 -1
443 4417 -1
789 4371 -1
2153 2588 76888
3036 3810 106978
531 2767 -1
3751 3941 63427
1424 4993 41798
4482 4513 93105
1703 1750 166757
882 3595 -1
3587 3766 -1
244 3604 10796
1070 2874 179209
306 2718 185718
2458 3368 -1
